Kód ADM;Kód obce;Název obce;Kód MOMC;Název MOMC;Kód obvodu Prahy;Název obvodu Prahy;Kód èásti obce;Název èásti obce;Kód ulice;Název ulice;Typ SO;Èíslo domovní;Èíslo orientaèní;Znak èísla orientaèního;PSÈ;Souøadnice Y;Souøadnice X;Platí Od
16393996;541591;Vysoký Chlumec;;;;;46566;Hrabøí;;;è.p.;1;;;26401;755470.19;1092442.66;2013-12-03T00:00:00
16394003;541591;Vysoký Chlumec;;;;;46566;Hrabøí;;;è.p.;2;;;26401;755455.35;1092382.70;2013-12-03T00:00:00
16394011;541591;Vysoký Chlumec;;;;;46566;Hrabøí;;;è.p.;3;;;26401;755428.09;1092541.49;2013-12-03T00:00:00
16394020;541591;Vysoký Chlumec;;;;;46566;Hrabøí;;;è.p.;4;;;26401;755537.12;1092397.97;2013-12-03T00:00:00
16394038;541591;Vysoký Chlumec;;;;;46566;Hrabøí;;;è.p.;5;;;26401;755543.16;1092394.52;2022-10-20T00:00:00
16394046;541591;Vysoký Chlumec;;;;;46566;Hrabøí;;;è.p.;6;;;26401;755569.02;1092433.44;2013-12-03T00:00:00
16394054;541591;Vysoký Chlumec;;;;;46566;Hrabøí;;;è.p.;7;;;26401;755593.47;1092384.02;2013-12-03T00:00:00
16394062;541591;Vysoký Chlumec;;;;;46566;Hrabøí;;;è.p.;8;;;26401;755618.60;1092423.90;2013-12-03T00:00:00
16394071;541591;Vysoký Chlumec;;;;;46566;Hrabøí;;;è.p.;9;;;26401;755679.43;1092483.50;2013-12-03T00:00:00
16394089;541591;Vysoký Chlumec;;;;;46566;Hrabøí;;;è.p.;10;;;26401;755683.00;1092529.16;2013-12-03T00:00:00
16394097;541591;Vysoký Chlumec;;;;;46566;Hrabøí;;;è.p.;11;;;26401;755614.01;1092567.83;2013-12-03T00:00:00
16394101;541591;Vysoký Chlumec;;;;;46566;Hrabøí;;;è.p.;14;;;26401;755527.74;1092589.82;2013-12-03T00:00:00
16394119;541591;Vysoký Chlumec;;;;;46566;Hrabøí;;;è.p.;15;;;26401;755501.91;1092541.85;2013-12-03T00:00:00
16394127;541591;Vysoký Chlumec;;;;;46566;Hrabøí;;;è.p.;16;;;26401;755498.95;1092500.00;2013-12-03T00:00:00
16394135;541591;Vysoký Chlumec;;;;;46566;Hrabøí;;;è.p.;18;;;26401;755495.53;1092473.50;2013-12-03T00:00:00
16394143;541591;Vysoký Chlumec;;;;;46566;Hrabøí;;;è.p.;19;;;26401;755572.42;1092505.06;2013-12-03T00:00:00
16394151;541591;Vysoký Chlumec;;;;;46566;Hrabøí;;;è.p.;20;;;26401;755438.61;1092397.56;2013-12-03T00:00:00
16394160;541591;Vysoký Chlumec;;;;;46566;Hrabøí;;;è.p.;21;;;26401;755631.71;1092379.90;2013-12-03T00:00:00
16394178;541591;Vysoký Chlumec;;;;;46566;Hrabøí;;;è.p.;22;;;26401;755629.78;1092473.34;2013-12-03T00:00:00
16394186;541591;Vysoký Chlumec;;;;;46566;Hrabøí;;;è.p.;23;;;26401;755574.28;1092571.59;2013-12-03T00:00:00
16394194;541591;Vysoký Chlumec;;;;;46566;Hrabøí;;;è.p.;25;;;26401;755434.30;1092574.27;2013-12-03T00:00:00
16394208;541591;Vysoký Chlumec;;;;;46566;Hrabøí;;;è.p.;26;;;26401;755627.48;1092650.13;2013-12-03T00:00:00
16394216;541591;Vysoký Chlumec;;;;;46566;Hrabøí;;;è.p.;27;;;26401;755643.64;1092431.61;2013-12-03T00:00:00
16394224;541591;Vysoký Chlumec;;;;;46566;Hrabøí;;;è.p.;28;;;26401;755448.73;1092485.14;2013-12-03T00:00:00
16394232;541591;Vysoký Chlumec;;;;;46566;Hrabøí;;;è.p.;29;;;26401;755518.54;1092401.22;2013-12-03T00:00:00
16394241;541591;Vysoký Chlumec;;;;;46566;Hrabøí;;;è.p.;30;;;26401;755545.65;1092557.94;2013-12-03T00:00:00
16394259;541591;Vysoký Chlumec;;;;;46566;Hrabøí;;;è.p.;32;;;26401;755637.16;1092449.50;2013-12-03T00:00:00
16394267;541591;Vysoký Chlumec;;;;;46566;Hrabøí;;;è.p.;33;;;26401;755603.41;1092638.81;2013-12-03T00:00:00
16394275;541591;Vysoký Chlumec;;;;;46566;Hrabøí;;;è.p.;34;;;26401;755540.89;1092530.61;2023-06-06T00:00:00
16394283;541591;Vysoký Chlumec;;;;;46566;Hrabøí;;;è.p.;35;;;26401;757411.23;1093101.23;2013-12-03T00:00:00
16394291;541591;Vysoký Chlumec;;;;;46566;Hrabøí;;;è.p.;36;;;26401;755542.75;1092589.22;2013-12-03T00:00:00
16394305;541591;Vysoký Chlumec;;;;;46566;Hrabøí;;;è.p.;40;;;26401;755574.40;1092620.90;2013-12-03T00:00:00
16394313;541591;Vysoký Chlumec;;;;;46566;Hrabøí;;;è.p.;41;;;26401;755546.58;1092630.93;2013-12-03T00:00:00
16394321;541591;Vysoký Chlumec;;;;;46566;Hrabøí;;;è.ev.;1;;;26401;755582.43;1092629.75;2013-12-03T00:00:00
16394330;541591;Vysoký Chlumec;;;;;46566;Hrabøí;;;è.ev.;2;;;26401;755527.95;1092615.97;2013-12-03T00:00:00
16394348;541591;Vysoký Chlumec;;;;;46566;Hrabøí;;;è.ev.;3;;;26401;755551.33;1092527.40;2013-12-03T00:00:00
16394356;541591;Vysoký Chlumec;;;;;46566;Hrabøí;;;è.ev.;4;;;26401;755487.81;1092489.16;2013-12-03T00:00:00
16394364;541591;Vysoký Chlumec;;;;;46566;Hrabøí;;;è.ev.;5;;;26401;755546.19;1092540.13;2013-12-03T00:00:00
16394372;541591;Vysoký Chlumec;;;;;46566;Hrabøí;;;è.ev.;6;;;26401;755639.00;1092678.06;2013-12-03T00:00:00
16418751;541591;Vysoký Chlumec;;;;;125911;Bláhova Lhota;;;è.p.;1;;;26401;755814.62;1094774.31;2013-12-03T00:00:00
16418760;541591;Vysoký Chlumec;;;;;125911;Bláhova Lhota;;;è.p.;2;;;26401;755841.43;1094720.60;2013-12-03T00:00:00
16418778;541591;Vysoký Chlumec;;;;;125911;Bláhova Lhota;;;è.p.;3;;;26401;755868.21;1094789.12;2013-12-03T00:00:00
16418786;541591;Vysoký Chlumec;;;;;125911;Bláhova Lhota;;;è.p.;4;;;26401;755797.04;1094807.51;2013-12-03T00:00:00
16418794;541591;Vysoký Chlumec;;;;;125911;Bláhova Lhota;;;è.p.;5;;;26401;755916.31;1095485.13;2013-12-03T00:00:00
16418808;541591;Vysoký Chlumec;;;;;125911;Bláhova Lhota;;;è.p.;6;;;26401;755852.41;1094860.23;2013-12-03T00:00:00
16418816;541591;Vysoký Chlumec;;;;;125911;Bláhova Lhota;;;è.p.;7;;;26401;755781.17;1094771.78;2013-12-03T00:00:00
16418824;541591;Vysoký Chlumec;;;;;125911;Bláhova Lhota;;;è.p.;8;;;26401;755853.80;1095415.05;2021-11-03T00:00:00
16418832;541591;Vysoký Chlumec;;;;;125911;Bláhova Lhota;;;è.p.;10;;;26401;755787.90;1095392.71;2013-12-03T00:00:00
16418841;541591;Vysoký Chlumec;;;;;125911;Bláhova Lhota;;;è.ev.;1;;;26401;755752.75;1095398.66;2013-12-03T00:00:00
16418859;541591;Vysoký Chlumec;;;;;125911;Bláhova Lhota;;;è.ev.;2;;;26401;755872.63;1095390.85;2013-12-03T00:00:00
16418875;541591;Vysoký Chlumec;;;;;125920;Poøešice;;;è.p.;1;;;26401;754950.62;1094869.56;2013-12-03T00:00:00
16418883;541591;Vysoký Chlumec;;;;;125920;Poøešice;;;è.p.;2;;;26401;754967.09;1094836.89;2013-12-03T00:00:00
16418891;541591;Vysoký Chlumec;;;;;125920;Poøešice;;;è.p.;3;;;26401;754939.29;1094819.66;2013-12-03T00:00:00
16418905;541591;Vysoký Chlumec;;;;;125920;Poøešice;;;è.p.;4;;;26401;754997.70;1094855.55;2013-12-03T00:00:00
16418913;541591;Vysoký Chlumec;;;;;125920;Poøešice;;;è.p.;5;;;26401;754967.27;1094778.73;2013-12-03T00:00:00
16418921;541591;Vysoký Chlumec;;;;;125920;Poøešice;;;è.p.;6;;;26401;755033.48;1094782.21;2013-12-03T00:00:00
16418930;541591;Vysoký Chlumec;;;;;125920;Poøešice;;;è.p.;8;;;26401;755032.77;1094859.78;2013-12-03T00:00:00
16418948;541591;Vysoký Chlumec;;;;;125920;Poøešice;;;è.p.;9;;;26401;755008.13;1094875.44;2013-12-03T00:00:00
16418956;541591;Vysoký Chlumec;;;;;125920;Poøešice;;;è.p.;12;;;26401;755157.59;1094869.78;2013-12-03T00:00:00
16418964;541591;Vysoký Chlumec;;;;;125920;Poøešice;;;è.p.;14;;;26401;755136.65;1094895.75;2013-12-03T00:00:00
16418972;541591;Vysoký Chlumec;;;;;125920;Poøešice;;;è.p.;16;;;26401;755025.84;1094901.74;2013-12-03T00:00:00
16418981;541591;Vysoký Chlumec;;;;;125920;Poøešice;;;è.p.;17;;;26401;755006.34;1094961.54;2013-12-03T00:00:00
16418999;541591;Vysoký Chlumec;;;;;125920;Poøešice;;;è.p.;18;;;26401;754974.35;1094908.72;2013-12-03T00:00:00
16419006;541591;Vysoký Chlumec;;;;;125920;Poøešice;;;è.p.;19;;;26401;754933.79;1094925.89;2013-12-03T00:00:00
16419014;541591;Vysoký Chlumec;;;;;125920;Poøešice;;;è.p.;20;;;26401;754913.44;1094918.39;2013-12-03T00:00:00
16419022;541591;Vysoký Chlumec;;;;;125920;Poøešice;;;è.p.;22;;;26401;754929.31;1094890.42;2013-12-03T00:00:00
16419031;541591;Vysoký Chlumec;;;;;125920;Poøešice;;;è.p.;26;;;26401;754985.42;1095776.88;2013-12-03T00:00:00
16419049;541591;Vysoký Chlumec;;;;;125920;Poøešice;;;è.p.;27;;;26401;754995.36;1095719.91;2013-12-03T00:00:00
16419057;541591;Vysoký Chlumec;;;;;125920;Poøešice;;;è.p.;28;;;26401;754898.71;1094864.72;2013-12-03T00:00:00
16419065;541591;Vysoký Chlumec;;;;;125920;Poøešice;;;è.p.;31;;;26401;755287.47;1094862.24;2013-12-03T00:00:00
16419073;541591;Vysoký Chlumec;;;;;125920;Poøešice;;;è.p.;33;;;26401;755198.52;1094827.60;2013-12-03T00:00:00
16419081;541591;Vysoký Chlumec;;;;;125920;Poøešice;;;è.p.;34;;;26401;754824.94;1094831.46;2013-12-03T00:00:00
16419090;541591;Vysoký Chlumec;;;;;125920;Poøešice;;;è.p.;35;;;26401;755040.53;1094828.10;2013-12-03T00:00:00
16419103;541591;Vysoký Chlumec;;;;;125920;Poøešice;;;è.p.;37;;;26401;755001.76;1094765.56;2013-12-03T00:00:00
16419111;541591;Vysoký Chlumec;;;;;125920;Poøešice;;;è.p.;40;;;26401;754962.58;1094892.24;2013-12-03T00:00:00
16419120;541591;Vysoký Chlumec;;;;;125920;Poøešice;;;è.p.;41;;;26401;754837.02;1094809.58;2013-12-03T00:00:00
16419138;541591;Vysoký Chlumec;;;;;125920;Poøešice;;;è.p.;44;;;26401;756559.58;1096869.58;2013-12-03T00:00:00
16419146;541591;Vysoký Chlumec;;;;;125920;Poøešice;;;è.p.;45;;;26401;756529.64;1096824.41;2020-12-07T00:00:00
16419154;541591;Vysoký Chlumec;;;;;125920;Poøešice;;;è.p.;46;;;26401;756459.97;1096738.35;2013-12-03T00:00:00
16419162;541591;Vysoký Chlumec;;;;;125920;Poøešice;;;è.p.;47;;;26401;754945.67;1094949.66;2013-12-03T00:00:00
16419171;541591;Vysoký Chlumec;;;;;125920;Poøešice;;;è.p.;49;;;26401;755270.28;1094876.04;2013-12-03T00:00:00
16419189;541591;Vysoký Chlumec;;;;;125920;Poøešice;;;è.p.;50;;;26401;755197.20;1096368.02;2013-12-03T00:00:00
16419197;541591;Vysoký Chlumec;;;;;125920;Poøešice;;;è.p.;51;;;26401;755178.05;1094944.23;2013-12-03T00:00:00
16419201;541591;Vysoký Chlumec;;;;;125920;Poøešice;;;è.p.;52;;;26401;756522.75;1096802.82;2013-12-03T00:00:00
16419219;541591;Vysoký Chlumec;;;;;125920;Poøešice;;;è.p.;53;;;26401;756508.89;1096848.48;2020-12-07T00:00:00
16419227;541591;Vysoký Chlumec;;;;;125920;Poøešice;;;è.p.;54;;;26401;756522.46;1096861.27;2013-12-03T00:00:00
16419235;541591;Vysoký Chlumec;;;;;125920;Poøešice;;;è.p.;55;;;26401;755074.38;1095771.02;2013-12-03T00:00:00
16419243;541591;Vysoký Chlumec;;;;;125920;Poøešice;;;è.p.;15;;;26401;755115.51;1094942.48;2013-12-03T00:00:00
16419251;541591;Vysoký Chlumec;;;;;125920;Poøešice;;;è.ev.;2;;;26401;755149.64;1094838.96;2013-12-03T00:00:00
16419260;541591;Vysoký Chlumec;;;;;125920;Poøešice;;;è.p.;39;;;26401;754872.34;1094877.37;2013-12-03T00:00:00
16419278;541591;Vysoký Chlumec;;;;;125920;Poøešice;;;è.p.;58;;;26401;754807.07;1094794.86;2019-05-29T00:00:00
16419286;541591;Vysoký Chlumec;;;;;125920;Poøešice;;;è.ev.;5;;;26401;754934.93;1094850.75;2013-12-03T00:00:00
16419294;541591;Vysoký Chlumec;;;;;125920;Poøešice;;;è.ev.;6;;;26401;755176.01;1094838.69;2013-12-03T00:00:00
16419308;541591;Vysoký Chlumec;;;;;125920;Poøešice;;;è.ev.;7;;;26401;755198.40;1094897.45;2013-12-03T00:00:00
16419316;541591;Vysoký Chlumec;;;;;125920;Poøešice;;;è.ev.;8;;;26401;754964.71;1094858.03;2013-12-03T00:00:00
16419324;541591;Vysoký Chlumec;;;;;125920;Poøešice;;;è.ev.;9;;;26401;755111.85;1094874.46;2013-12-03T00:00:00
16419332;541591;Vysoký Chlumec;;;;;125920;Poøešice;;;è.ev.;10;;;26401;755235.89;1094838.56;2021-08-18T00:00:00
16419341;541591;Vysoký Chlumec;;;;;125920;Poøešice;;;è.ev.;11;;;26401;756456.63;1096917.96;2013-12-03T00:00:00
16439431;541591;Vysoký Chlumec;;;;;188409;Vápenice;;;è.p.;1;;;26401;750921.99;1094491.16;2013-12-03T00:00:00
16439449;541591;Vysoký Chlumec;;;;;188409;Vápenice;;;è.p.;2;;;26401;751599.58;1094649.16;2013-12-03T00:00:00
16439457;541591;Vysoký Chlumec;;;;;188409;Vápenice;;;è.p.;3;;;26401;750861.35;1094458.73;2013-12-03T00:00:00
16439465;541591;Vysoký Chlumec;;;;;188409;Vápenice;;;è.p.;4;;;26401;750815.20;1094421.20;2013-12-03T00:00:00
16439473;541591;Vysoký Chlumec;;;;;188409;Vápenice;;;è.p.;5;;;26401;750797.34;1094395.37;2013-12-03T00:00:00
16439481;541591;Vysoký Chlumec;;;;;188409;Vápenice;;;è.p.;6;;;26401;750829.77;1094432.58;2013-12-03T00:00:00
16439490;541591;Vysoký Chlumec;;;;;188409;Vápenice;;;è.p.;7;;;26401;750866.51;1094330.18;2015-09-07T00:00:00
16439503;541591;Vysoký Chlumec;;;;;188409;Vápenice;;;è.p.;8;;;26401;750900.42;1094397.48;2013-12-03T00:00:00
16439511;541591;Vysoký Chlumec;;;;;188409;Vápenice;;;è.p.;9;;;26401;750870.46;1094408.02;2013-12-03T00:00:00
16439520;541591;Vysoký Chlumec;;;;;188409;Vápenice;;;è.p.;10;;;26401;751567.49;1094642.75;2013-12-03T00:00:00
16439538;541591;Vysoký Chlumec;;;;;188409;Vápenice;;;è.p.;11;;;26401;750849.70;1094397.09;2013-12-03T00:00:00
16439546;541591;Vysoký Chlumec;;;;;188409;Vápenice;;;è.p.;12;;;26401;750794.63;1094374.56;2013-12-03T00:00:00
16439554;541591;Vysoký Chlumec;;;;;188409;Vápenice;;;è.ev.;1;;;26401;750871.02;1094443.83;2013-12-03T00:00:00
16439562;541591;Vysoký Chlumec;;;;;188417;Vysoký Chlumec;;;è.p.;1;;;26252;752184.96;1094380.34;2013-12-03T00:00:00
16439571;541591;Vysoký Chlumec;;;;;188417;Vysoký Chlumec;;;è.p.;2;;;26252;752237.70;1094456.39;2013-12-03T00:00:00
16439589;541591;Vysoký Chlumec;;;;;188417;Vysoký Chlumec;;;è.p.;3;;;26252;752046.16;1094272.44;2013-12-03T00:00:00
16439597;541591;Vysoký Chlumec;;;;;188417;Vysoký Chlumec;;;è.p.;4;;;26252;752211.68;1094194.62;2013-12-03T00:00:00
16439601;541591;Vysoký Chlumec;;;;;188417;Vysoký Chlumec;;;è.p.;5;;;26252;752254.45;1094367.05;2013-12-03T00:00:00
16439619;541591;Vysoký Chlumec;;;;;188417;Vysoký Chlumec;;;è.p.;6;;;26252;752258.79;1094387.11;2013-12-03T00:00:00
16439627;541591;Vysoký Chlumec;;;;;188417;Vysoký Chlumec;;;è.p.;7;;;26252;752301.99;1094268.46;2013-12-03T00:00:00
16439635;541591;Vysoký Chlumec;;;;;188417;Vysoký Chlumec;;;è.p.;8;;;26252;752283.25;1094428.16;2013-12-03T00:00:00
16439643;541591;Vysoký Chlumec;;;;;188417;Vysoký Chlumec;;;è.p.;9;;;26252;752316.20;1094437.06;2013-12-03T00:00:00
16439651;541591;Vysoký Chlumec;;;;;188417;Vysoký Chlumec;;;è.p.;10;;;26252;752302.69;1094473.19;2013-12-03T00:00:00
16439660;541591;Vysoký Chlumec;;;;;188417;Vysoký Chlumec;;;è.p.;11;;;26252;752358.30;1094491.86;2013-12-03T00:00:00
16439678;541591;Vysoký Chlumec;;;;;188417;Vysoký Chlumec;;;è.p.;12;;;26252;752421.12;1094613.06;2015-01-06T00:00:00
16439686;541591;Vysoký Chlumec;;;;;188417;Vysoký Chlumec;;;è.p.;13;;;26252;752324.00;1094565.00;2013-12-03T00:00:00
16439694;541591;Vysoký Chlumec;;;;;188417;Vysoký Chlumec;;;è.p.;14;;;26252;752294.70;1094497.85;2013-12-03T00:00:00
16439708;541591;Vysoký Chlumec;;;;;188417;Vysoký Chlumec;;;è.p.;15;;;26252;752212.16;1094555.38;2013-12-03T00:00:00
16439716;541591;Vysoký Chlumec;;;;;188417;Vysoký Chlumec;;;è.p.;16;;;26252;752182.65;1094592.46;2013-12-03T00:00:00
16439724;541591;Vysoký Chlumec;;;;;188417;Vysoký Chlumec;;;è.p.;17;;;26252;752163.87;1094611.13;2013-12-03T00:00:00
16439732;541591;Vysoký Chlumec;;;;;188417;Vysoký Chlumec;;;è.p.;18;;;26252;752168.51;1094463.68;2013-12-03T00:00:00
16439741;541591;Vysoký Chlumec;;;;;188417;Vysoký Chlumec;;;è.p.;19;;;26252;752336.91;1094191.14;2019-01-24T00:00:00
16439759;541591;Vysoký Chlumec;;;;;188417;Vysoký Chlumec;;;è.p.;20;;;26252;752326.38;1094155.45;2013-12-03T00:00:00
16439767;541591;Vysoký Chlumec;;;;;188417;Vysoký Chlumec;;;è.p.;21;;;26252;752441.62;1094056.40;2013-12-03T00:00:00
16439775;541591;Vysoký Chlumec;;;;;188417;Vysoký Chlumec;;;è.p.;22;;;26252;752466.16;1094039.45;2013-12-03T00:00:00
16439783;541591;Vysoký Chlumec;;;;;188417;Vysoký Chlumec;;;è.p.;23;;;26252;752314.00;1094536.74;2017-01-10T00:00:00
16439791;541591;Vysoký Chlumec;;;;;188417;Vysoký Chlumec;;;è.p.;24;;;26252;752448.24;1093967.14;2013-12-03T00:00:00
16439805;541591;Vysoký Chlumec;;;;;188417;Vysoký Chlumec;;;è.p.;25;;;26252;752531.79;1093912.45;2013-12-03T00:00:00
16439813;541591;Vysoký Chlumec;;;;;188417;Vysoký Chlumec;;;è.p.;26;;;26252;751970.69;1094692.38;2022-10-20T00:00:00
16439821;541591;Vysoký Chlumec;;;;;188417;Vysoký Chlumec;;;è.p.;27;;;26252;752041.19;1094732.26;2013-12-03T00:00:00
16439830;541591;Vysoký Chlumec;;;;;188417;Vysoký Chlumec;;;è.p.;28;;;26252;752080.34;1094761.39;2013-12-03T00:00:00
16439848;541591;Vysoký Chlumec;;;;;188417;Vysoký Chlumec;;;è.p.;29;;;26252;752091.38;1094842.32;2013-12-03T00:00:00
16439856;541591;Vysoký Chlumec;;;;;188417;Vysoký Chlumec;;;è.p.;30;;;26252;752058.44;1094585.68;2013-12-03T00:00:00
16439864;541591;Vysoký Chlumec;;;;;188417;Vysoký Chlumec;;;è.p.;31;;;26252;752009.32;1094553.64;2013-12-03T00:00:00
16439872;541591;Vysoký Chlumec;;;;;188417;Vysoký Chlumec;;;è.p.;32;;;26252;752001.23;1094698.72;2013-12-03T00:00:00
16439881;541591;Vysoký Chlumec;;;;;188417;Vysoký Chlumec;;;è.p.;33;;;26252;751794.84;1094662.87;2013-12-03T00:00:00
16439899;541591;Vysoký Chlumec;;;;;188417;Vysoký Chlumec;;;è.p.;34;;;26252;752306.73;1094311.62;2013-12-03T00:00:00
16439902;541591;Vysoký Chlumec;;;;;188417;Vysoký Chlumec;;;è.p.;35;;;26252;751926.90;1094663.21;2013-12-03T00:00:00
16439911;541591;Vysoký Chlumec;;;;;188417;Vysoký Chlumec;;;è.p.;36;;;26252;752324.90;1094313.31;2013-12-03T00:00:00
16439929;541591;Vysoký Chlumec;;;;;188417;Vysoký Chlumec;;;è.p.;37;;;26252;751890.87;1094624.04;2013-12-03T00:00:00
16439937;541591;Vysoký Chlumec;;;;;188417;Vysoký Chlumec;;;è.p.;38;;;26252;752343.49;1094289.32;2013-12-03T00:00:00
16439945;541591;Vysoký Chlumec;;;;;188417;Vysoký Chlumec;;;è.p.;39;;;26252;752360.97;1094263.81;2013-12-03T00:00:00
16439953;541591;Vysoký Chlumec;;;;;188417;Vysoký Chlumec;;;è.p.;40;;;26252;751872.00;1094607.00;2013-12-03T00:00:00
16439961;541591;Vysoký Chlumec;;;;;188417;Vysoký Chlumec;;;è.p.;41;;;26252;751851.53;1094604.81;2013-12-03T00:00:00
16439970;541591;Vysoký Chlumec;;;;;188417;Vysoký Chlumec;;;è.p.;42;;;26252;752350.30;1094121.67;2013-12-03T00:00:00
16439988;541591;Vysoký Chlumec;;;;;188417;Vysoký Chlumec;;;è.p.;43;;;26252;752213.49;1094471.37;2013-12-03T00:00:00
16439996;541591;Vysoký Chlumec;;;;;188417;Vysoký Chlumec;;;è.p.;44;;;26252;752365.79;1094258.13;2013-12-03T00:00:00
16440005;541591;Vysoký Chlumec;;;;;188417;Vysoký Chlumec;;;è.p.;45;;;26252;752241.08;1094322.61;2013-12-03T00:00:00
16440013;541591;Vysoký Chlumec;;;;;188417;Vysoký Chlumec;;;è.p.;46;;;26252;752711.00;1094667.00;2013-12-03T00:00:00
16440021;541591;Vysoký Chlumec;;;;;188417;Vysoký Chlumec;;;è.p.;47;;;26252;752377.85;1094580.22;2022-10-20T00:00:00
16440030;541591;Vysoký Chlumec;;;;;188417;Vysoký Chlumec;;;è.p.;48;;;26252;752256.39;1094306.81;2021-09-29T00:00:00
16440048;541591;Vysoký Chlumec;;;;;188417;Vysoký Chlumec;;;è.p.;49;;;26252;752126.42;1094170.74;2013-12-03T00:00:00
16440056;541591;Vysoký Chlumec;;;;;188417;Vysoký Chlumec;;;è.p.;50;;;26252;752309.02;1094250.20;2013-12-03T00:00:00
16440064;541591;Vysoký Chlumec;;;;;188417;Vysoký Chlumec;;;è.p.;51;;;26252;752320.20;1094223.58;2013-12-03T00:00:00
16440072;541591;Vysoký Chlumec;;;;;188417;Vysoký Chlumec;;;è.p.;52;;;26252;752160.32;1094527.45;2013-12-03T00:00:00
16440081;541591;Vysoký Chlumec;;;;;188417;Vysoký Chlumec;;;è.p.;53;;;26252;752184.38;1094649.30;2013-12-03T00:00:00
16440099;541591;Vysoký Chlumec;;;;;188417;Vysoký Chlumec;;;è.p.;54;;;26252;752150.00;1094725.00;2013-12-03T00:00:00
16440102;541591;Vysoký Chlumec;;;;;188417;Vysoký Chlumec;;;è.p.;55;;;26252;752280.52;1094286.85;2013-12-03T00:00:00
16440111;541591;Vysoký Chlumec;;;;;188417;Vysoký Chlumec;;;è.p.;56;;;26252;752205.72;1094627.73;2013-12-03T00:00:00
16440129;541591;Vysoký Chlumec;;;;;188417;Vysoký Chlumec;;;è.p.;57;;;26252;752173.78;1094495.83;2013-12-03T00:00:00
16440137;541591;Vysoký Chlumec;;;;;188417;Vysoký Chlumec;;;è.p.;59;;;26252;752202.64;1094332.99;2013-12-03T00:00:00
16440145;541591;Vysoký Chlumec;;;;;188417;Vysoký Chlumec;;;è.p.;60;;;26252;752038.81;1094437.61;2013-12-03T00:00:00
16440153;541591;Vysoký Chlumec;;;;;188417;Vysoký Chlumec;;;è.p.;61;;;26252;752396.60;1094219.45;2013-12-03T00:00:00
16440161;541591;Vysoký Chlumec;;;;;188417;Vysoký Chlumec;;;è.p.;62;;;26252;752219.26;1094421.99;2013-12-03T00:00:00
16440170;541591;Vysoký Chlumec;;;;;188417;Vysoký Chlumec;;;è.p.;63;;;26252;752160.95;1094552.57;2013-12-03T00:00:00
16440188;541591;Vysoký Chlumec;;;;;188417;Vysoký Chlumec;;;è.p.;64;;;26252;752407.72;1094242.28;2013-12-03T00:00:00
16440196;541591;Vysoký Chlumec;;;;;188417;Vysoký Chlumec;;;è.p.;65;;;26252;752282.50;1094410.05;2013-12-03T00:00:00
16440200;541591;Vysoký Chlumec;;;;;188417;Vysoký Chlumec;;;è.p.;66;;;26252;751860.23;1094572.34;2013-12-03T00:00:00
16440218;541591;Vysoký Chlumec;;;;;188417;Vysoký Chlumec;;;è.p.;67;;;26252;752158.33;1094446.38;2013-12-03T00:00:00
16440226;541591;Vysoký Chlumec;;;;;188417;Vysoký Chlumec;;;è.p.;68;;;26252;752168.81;1094639.97;2013-12-03T00:00:00
16440234;541591;Vysoký Chlumec;;;;;188417;Vysoký Chlumec;;;è.p.;69;;;26252;752215.80;1094450.08;2013-12-03T00:00:00
16440242;541591;Vysoký Chlumec;;;;;188417;Vysoký Chlumec;;;è.p.;70;;;26252;752916.87;1092894.01;2013-12-03T00:00:00
16440251;541591;Vysoký Chlumec;;;;;188417;Vysoký Chlumec;;;è.p.;71;;;26252;752418.54;1094624.63;2013-12-03T00:00:00
16440269;541591;Vysoký Chlumec;;;;;188417;Vysoký Chlumec;;;è.p.;72;;;26252;752224.50;1094352.02;2013-12-03T00:00:00
16440277;541591;Vysoký Chlumec;;;;;188417;Vysoký Chlumec;;;è.p.;73;;;26252;752294.74;1094440.93;2013-12-03T00:00:00
16440285;541591;Vysoký Chlumec;;;;;188417;Vysoký Chlumec;;;è.p.;74;;;26252;751987.44;1094821.18;2013-12-03T00:00:00
16440293;541591;Vysoký Chlumec;;;;;188417;Vysoký Chlumec;;;è.p.;75;;;26252;752209.44;1094489.38;2013-12-03T00:00:00
16440307;541591;Vysoký Chlumec;;;;;188417;Vysoký Chlumec;;;è.p.;76;;;26252;752032.99;1094338.94;2013-12-03T00:00:00
16440315;541591;Vysoký Chlumec;;;;;188417;Vysoký Chlumec;;;è.p.;77;;;26252;752242.70;1094432.88;2013-12-03T00:00:00
16440323;541591;Vysoký Chlumec;;;;;188417;Vysoký Chlumec;;;è.p.;78;;;26252;752209.02;1094502.45;2013-12-03T00:00:00
16440331;541591;Vysoký Chlumec;;;;;188417;Vysoký Chlumec;;;è.p.;79;;;26252;751645.62;1094474.30;2013-12-03T00:00:00
16440340;541591;Vysoký Chlumec;;;;;188417;Vysoký Chlumec;;;è.p.;80;;;26252;751993.22;1094768.70;2013-12-03T00:00:00
16440358;541591;Vysoký Chlumec;;;;;188417;Vysoký Chlumec;;;è.p.;81;;;26252;751523.57;1094491.35;2013-12-03T00:00:00
16440366;541591;Vysoký Chlumec;;;;;188417;Vysoký Chlumec;;;è.p.;82;;;26252;751872.84;1094964.44;2013-12-03T00:00:00
16440374;541591;Vysoký Chlumec;;;;;188417;Vysoký Chlumec;;;è.p.;84;;;26252;752258.55;1094510.95;2013-12-03T00:00:00
16440382;541591;Vysoký Chlumec;;;;;188417;Vysoký Chlumec;;;è.p.;85;;;26252;751647.97;1094669.10;2013-12-03T00:00:00
16440391;541591;Vysoký Chlumec;;;;;188417;Vysoký Chlumec;;;è.p.;86;;;26252;752227.11;1094476.28;2013-12-03T00:00:00
16440404;541591;Vysoký Chlumec;;;;;188417;Vysoký Chlumec;;;è.p.;87;;;26252;752235.51;1094494.60;2013-12-03T00:00:00
16440412;541591;Vysoký Chlumec;;;;;188417;Vysoký Chlumec;;;è.p.;88;;;26252;751673.08;1094479.64;2013-12-03T00:00:00
16440421;541591;Vysoký Chlumec;;;;;188417;Vysoký Chlumec;;;è.p.;89;;;26252;751593.13;1094500.97;2022-10-20T00:00:00
16440439;541591;Vysoký Chlumec;;;;;188417;Vysoký Chlumec;;;è.p.;90;;;26252;751894.09;1094696.18;2013-12-03T00:00:00
16440447;541591;Vysoký Chlumec;;;;;188417;Vysoký Chlumec;;;è.p.;91;;;26252;751862.51;1094692.79;2013-12-03T00:00:00
16440455;541591;Vysoký Chlumec;;;;;188417;Vysoký Chlumec;;;è.p.;92;;;26252;752342.03;1094443.41;2013-12-03T00:00:00
16440463;541591;Vysoký Chlumec;;;;;188417;Vysoký Chlumec;;;è.p.;93;;;26252;752348.48;1094449.65;2013-12-03T00:00:00
16440471;541591;Vysoký Chlumec;;;;;188417;Vysoký Chlumec;;;è.p.;94;;;26252;752355.02;1094455.88;2013-12-03T00:00:00
16440480;541591;Vysoký Chlumec;;;;;188417;Vysoký Chlumec;;;è.p.;95;;;26252;752361.25;1094462.01;2013-12-03T00:00:00
16440498;541591;Vysoký Chlumec;;;;;188417;Vysoký Chlumec;;;è.p.;96;;;26252;752370.91;1094417.75;2013-12-03T00:00:00
16440501;541591;Vysoký Chlumec;;;;;188417;Vysoký Chlumec;;;è.p.;97;;;26252;752375.55;1094424.30;2013-12-03T00:00:00
16440510;541591;Vysoký Chlumec;;;;;188417;Vysoký Chlumec;;;è.p.;98;;;26252;752381.15;1094431.90;2013-12-03T00:00:00
16440528;541591;Vysoký Chlumec;;;;;188417;Vysoký Chlumec;;;è.p.;99;;;26252;752386.85;1094438.45;2013-12-03T00:00:00
16440536;541591;Vysoký Chlumec;;;;;188417;Vysoký Chlumec;;;è.p.;100;;;26252;752394.14;1094453.98;2013-12-03T00:00:00
16440544;541591;Vysoký Chlumec;;;;;188417;Vysoký Chlumec;;;è.p.;101;;;26252;752398.26;1094461.38;2013-12-03T00:00:00
16440552;541591;Vysoký Chlumec;;;;;188417;Vysoký Chlumec;;;è.p.;102;;;26252;752402.37;1094469.40;2013-12-03T00:00:00
16440561;541591;Vysoký Chlumec;;;;;188417;Vysoký Chlumec;;;è.p.;103;;;26252;752406.70;1094477.01;2013-12-03T00:00:00
16440579;541591;Vysoký Chlumec;;;;;188417;Vysoký Chlumec;;;è.p.;104;;;26252;751904.71;1094658.02;2013-12-03T00:00:00
16440587;541591;Vysoký Chlumec;;;;;188417;Vysoký Chlumec;;;è.p.;105;;;26252;751655.30;1094632.05;2013-12-03T00:00:00
16440595;541591;Vysoký Chlumec;;;;;188417;Vysoký Chlumec;;;è.p.;106;;;26252;751693.14;1094681.04;2013-12-03T00:00:00
16440609;541591;Vysoký Chlumec;;;;;188417;Vysoký Chlumec;;;è.p.;107;;;26252;751823.85;1094669.83;2013-12-03T00:00:00
16440617;541591;Vysoký Chlumec;;;;;188417;Vysoký Chlumec;;;è.p.;108;;;26252;751719.37;1094688.52;2013-12-03T00:00:00
16440625;541591;Vysoký Chlumec;;;;;188417;Vysoký Chlumec;;;è.p.;109;;;26252;751669.15;1094674.62;2013-12-03T00:00:00
16440633;541591;Vysoký Chlumec;;;;;188417;Vysoký Chlumec;;;è.p.;110;;;26252;752297.52;1094826.56;2021-05-31T00:00:00
16440641;541591;Vysoký Chlumec;;;;;188417;Vysoký Chlumec;;;è.p.;111;;;26252;751565.59;1094496.68;2013-12-03T00:00:00
16440650;541591;Vysoký Chlumec;;;;;188417;Vysoký Chlumec;;;è.p.;112;;;26252;752292.48;1094849.25;2023-06-14T00:00:00
16440668;541591;Vysoký Chlumec;;;;;188417;Vysoký Chlumec;;;è.p.;113;;;26252;752314.04;1094857.12;2013-12-03T00:00:00
16440676;541591;Vysoký Chlumec;;;;;188417;Vysoký Chlumec;;;è.p.;114;;;26252;752341.96;1094837.26;2013-12-03T00:00:00
16440684;541591;Vysoký Chlumec;;;;;188417;Vysoký Chlumec;;;è.p.;115;;;26252;752352.17;1094869.29;2013-12-03T00:00:00
16440692;541591;Vysoký Chlumec;;;;;188417;Vysoký Chlumec;;;è.p.;116;;;26252;752387.00;1094882.00;2013-12-03T00:00:00
16440706;541591;Vysoký Chlumec;;;;;188417;Vysoký Chlumec;;;è.p.;117;;;26252;751568.98;1094586.88;2013-12-03T00:00:00
16440714;541591;Vysoký Chlumec;;;;;188417;Vysoký Chlumec;;;è.p.;118;;;26252;752331.38;1094863.80;2013-12-03T00:00:00
16440722;541591;Vysoký Chlumec;;;;;188417;Vysoký Chlumec;;;è.p.;119;;;26252;752419.00;1094894.00;2013-12-03T00:00:00
16440731;541591;Vysoký Chlumec;;;;;188417;Vysoký Chlumec;;;è.p.;120;;;26252;752372.20;1094874.75;2013-12-03T00:00:00
16440749;541591;Vysoký Chlumec;;;;;188417;Vysoký Chlumec;;;è.p.;121;;;26252;751675.27;1094632.57;2013-12-03T00:00:00
16440757;541591;Vysoký Chlumec;;;;;188417;Vysoký Chlumec;;;è.p.;122;;;26252;752406.09;1094887.32;2013-12-03T00:00:00
16440765;541591;Vysoký Chlumec;;;;;188417;Vysoký Chlumec;;;è.p.;123;;;26252;752321.81;1094829.36;2013-12-03T00:00:00
16440773;541591;Vysoký Chlumec;;;;;188417;Vysoký Chlumec;;;è.p.;124;;;26252;751768.49;1094668.69;2013-12-03T00:00:00
16440781;541591;Vysoký Chlumec;;;;;188417;Vysoký Chlumec;;;è.p.;125;;;26252;751750.19;1094662.23;2013-12-03T00:00:00
16440790;541591;Vysoký Chlumec;;;;;188417;Vysoký Chlumec;;;è.p.;126;;;26252;751730.04;1094657.10;2013-12-03T00:00:00
16440803;541591;Vysoký Chlumec;;;;;188417;Vysoký Chlumec;;;è.p.;127;;;26252;751818.32;1094608.56;2013-12-03T00:00:00
16440811;541591;Vysoký Chlumec;;;;;188417;Vysoký Chlumec;;;è.p.;128;;;26252;751840.98;1094641.34;2013-12-03T00:00:00
16440820;541591;Vysoký Chlumec;;;;;188417;Vysoký Chlumec;;;è.p.;129;;;26252;751631.80;1094619.36;2013-12-03T00:00:00
16440838;541591;Vysoký Chlumec;;;;;188417;Vysoký Chlumec;;;è.p.;130;;;26252;751751.89;1094700.99;2013-12-03T00:00:00
16440846;541591;Vysoký Chlumec;;;;;188417;Vysoký Chlumec;;;è.p.;131;;;26252;752273.41;1094824.02;2013-12-03T00:00:00
16440854;541591;Vysoký Chlumec;;;;;188417;Vysoký Chlumec;;;è.p.;132;;;26252;751775.77;1094707.07;2013-12-03T00:00:00
16440862;541591;Vysoký Chlumec;;;;;188417;Vysoký Chlumec;;;è.p.;133;;;26252;751605.60;1094567.69;2013-12-03T00:00:00
16440871;541591;Vysoký Chlumec;;;;;188417;Vysoký Chlumec;;;è.p.;134;;;26252;752457.40;1094483.76;2021-04-12T00:00:00
16440889;541591;Vysoký Chlumec;;;;;188417;Vysoký Chlumec;;;è.p.;135;;;26252;752473.09;1094488.84;2021-04-12T00:00:00
16440897;541591;Vysoký Chlumec;;;;;188417;Vysoký Chlumec;;;è.ev.;1;;;26252;752150.49;1094586.59;2021-05-19T00:00:00
16440901;541591;Vysoký Chlumec;;;;;188417;Vysoký Chlumec;;;è.ev.;2;;;26252;751813.37;1094947.29;2013-12-03T00:00:00
16440919;541591;Vysoký Chlumec;;;;;188417;Vysoký Chlumec;;;è.ev.;3;;;26252;752071.39;1094442.84;2022-10-20T00:00:00
16440927;541591;Vysoký Chlumec;;;;;188417;Vysoký Chlumec;;;è.ev.;4;;;26252;752474.37;1093960.35;2013-12-03T00:00:00
16440935;541591;Vysoký Chlumec;;;;;188417;Vysoký Chlumec;;;è.ev.;5;;;26252;752391.11;1094248.44;2013-12-03T00:00:00
16440943;541591;Vysoký Chlumec;;;;;188417;Vysoký Chlumec;;;è.ev.;6;;;26252;751849.81;1094551.39;2013-12-03T00:00:00
16440978;541591;Vysoký Chlumec;;;;;188417;Vysoký Chlumec;;;è.ev.;10;;;26252;752455.83;1093990.40;2013-12-03T00:00:00
16440986;541591;Vysoký Chlumec;;;;;188417;Vysoký Chlumec;;;è.ev.;11;;;26252;751840.96;1094955.85;2013-12-03T00:00:00
16441001;541591;Vysoký Chlumec;;;;;306592;Hradce;;;è.p.;2;;;26401;754093.76;1092807.95;2013-12-03T00:00:00
16441010;541591;Vysoký Chlumec;;;;;306592;Hradce;;;è.p.;3;;;26401;753981.79;1092736.08;2013-12-03T00:00:00
16441028;541591;Vysoký Chlumec;;;;;306592;Hradce;;;è.p.;4;;;26401;754102.62;1092780.18;2013-12-03T00:00:00
16441036;541591;Vysoký Chlumec;;;;;306592;Hradce;;;è.p.;5;;;26401;753893.00;1092653.13;2013-12-03T00:00:00
16441044;541591;Vysoký Chlumec;;;;;306592;Hradce;;;è.p.;7;;;26401;754063.74;1092775.34;2013-12-03T00:00:00
16441052;541591;Vysoký Chlumec;;;;;306592;Hradce;;;è.p.;8;;;26401;753902.09;1092684.95;2013-12-03T00:00:00
16441061;541591;Vysoký Chlumec;;;;;306592;Hradce;;;è.ev.;8;;;26401;754081.25;1092746.07;2014-03-03T00:00:00
16441133;541591;Vysoký Chlumec;;;;;403644;Víska;;;è.p.;2;;;26252;752197.92;1094695.14;2013-12-03T00:00:00
16441141;541591;Vysoký Chlumec;;;;;403644;Víska;;;è.p.;3;;;26252;752336.25;1094673.46;2021-01-12T00:00:00
16441150;541591;Vysoký Chlumec;;;;;403644;Víska;;;è.p.;5;;;26252;752384.47;1094748.13;2013-12-03T00:00:00
16441168;541591;Vysoký Chlumec;;;;;403644;Víska;;;è.p.;6;;;26252;752365.51;1094772.94;2019-08-01T00:00:00
16441176;541591;Vysoký Chlumec;;;;;403644;Víska;;;è.p.;7;;;26252;752336.16;1094746.52;2013-12-03T00:00:00
16441184;541591;Vysoký Chlumec;;;;;403644;Víska;;;è.p.;8;;;26252;752278.02;1094749.27;2013-12-03T00:00:00
16441192;541591;Vysoký Chlumec;;;;;403644;Víska;;;è.p.;9;;;26252;752317.01;1094735.31;2013-12-03T00:00:00
16441206;541591;Vysoký Chlumec;;;;;403644;Víska;;;è.p.;10;;;26252;752442.50;1094589.35;2013-12-03T00:00:00
16441214;541591;Vysoký Chlumec;;;;;403644;Víska;;;è.p.;11;;;26252;752355.17;1094705.09;2014-05-14T00:00:00
16441222;541591;Vysoký Chlumec;;;;;403644;Víska;;;è.p.;12;;;26252;752458.00;1094239.00;2013-12-03T00:00:00
16441231;541591;Vysoký Chlumec;;;;;403644;Víska;;;è.p.;13;;;26252;752410.70;1094582.61;2013-12-03T00:00:00
16441249;541591;Vysoký Chlumec;;;;;403644;Víska;;;è.p.;14;;;26252;752407.80;1094715.43;2013-12-03T00:00:00
16441257;541591;Vysoký Chlumec;;;;;403644;Víska;;;è.p.;15;;;26252;752385.50;1094714.69;2013-12-03T00:00:00
16441265;541591;Vysoký Chlumec;;;;;403644;Víska;;;è.p.;16;;;26252;752426.46;1094240.30;2013-12-03T00:00:00
16441273;541591;Vysoký Chlumec;;;;;403644;Víska;;;è.p.;17;;;26252;752512.00;1094219.00;2013-12-03T00:00:00
16441281;541591;Vysoký Chlumec;;;;;403644;Víska;;;è.p.;18;;;26252;752610.04;1094698.29;2013-12-03T00:00:00
16441290;541591;Vysoký Chlumec;;;;;403644;Víska;;;è.p.;19;;;26252;752361.53;1094687.18;2013-12-03T00:00:00
16441303;541591;Vysoký Chlumec;;;;;403644;Víska;;;è.p.;20;;;26252;752450.26;1094802.62;2013-12-03T00:00:00
16441311;541591;Vysoký Chlumec;;;;;403644;Víska;;;è.p.;21;;;26252;752451.35;1094857.78;2013-12-03T00:00:00
16441320;541591;Vysoký Chlumec;;;;;403644;Víska;;;è.p.;22;;;26252;752454.88;1094815.43;2013-12-03T00:00:00
16441338;541591;Vysoký Chlumec;;;;;403644;Víska;;;è.p.;23;;;26252;752501.87;1094906.65;2013-12-03T00:00:00
16441346;541591;Vysoký Chlumec;;;;;403644;Víska;;;è.p.;24;;;26252;752332.19;1094772.65;2013-12-03T00:00:00
16441354;541591;Vysoký Chlumec;;;;;403644;Víska;;;è.p.;25;;;26252;752384.04;1094640.80;2013-12-03T00:00:00
16441362;541591;Vysoký Chlumec;;;;;403644;Víska;;;è.p.;26;;;26252;751946.93;1094730.78;2022-10-20T00:00:00
16441371;541591;Vysoký Chlumec;;;;;403644;Víska;;;è.p.;27;;;26252;751896.88;1095096.00;2013-12-03T00:00:00
16441389;541591;Vysoký Chlumec;;;;;403644;Víska;;;è.p.;28;;;26252;752282.65;1094706.10;2013-12-03T00:00:00
16441397;541591;Vysoký Chlumec;;;;;403644;Víska;;;è.p.;29;;;26252;752445.22;1094697.15;2013-12-03T00:00:00
16441401;541591;Vysoký Chlumec;;;;;403644;Víska;;;è.p.;30;;;26252;752439.25;1094721.38;2013-12-03T00:00:00
16441419;541591;Vysoký Chlumec;;;;;403644;Víska;;;è.p.;31;;;26252;752436.85;1094739.63;2013-12-03T00:00:00
16441427;541591;Vysoký Chlumec;;;;;403644;Víska;;;è.p.;32;;;26252;752431.82;1094821.16;2013-12-03T00:00:00
16441435;541591;Vysoký Chlumec;;;;;403644;Víska;;;è.p.;33;;;26252;752439.11;1094758.00;2013-12-03T00:00:00
16441443;541591;Vysoký Chlumec;;;;;403644;Víska;;;è.p.;34;;;26252;752376.38;1094593.39;2013-12-03T00:00:00
16441451;541591;Vysoký Chlumec;;;;;403644;Víska;;;è.p.;35;;;26252;752314.79;1094632.89;2013-12-03T00:00:00
16441460;541591;Vysoký Chlumec;;;;;403644;Víska;;;è.p.;36;;;26252;752299.84;1094631.19;2013-12-03T00:00:00
16441478;541591;Vysoký Chlumec;;;;;403644;Víska;;;è.p.;37;;;26252;752290.20;1094631.40;2013-12-03T00:00:00
16441486;541591;Vysoký Chlumec;;;;;403644;Víska;;;è.p.;38;;;26252;752474.39;1094717.46;2013-12-03T00:00:00
16441494;541591;Vysoký Chlumec;;;;;403644;Víska;;;è.p.;39;;;26252;752375.92;1094846.59;2013-12-03T00:00:00
16441508;541591;Vysoký Chlumec;;;;;403644;Víska;;;è.p.;40;;;26252;752508.16;1094839.01;2013-12-03T00:00:00
16441516;541591;Vysoký Chlumec;;;;;403644;Víska;;;è.p.;41;;;26252;751917.11;1094984.04;2013-12-03T00:00:00
16441524;541591;Vysoký Chlumec;;;;;403644;Víska;;;è.p.;42;;;26252;752280.66;1094600.64;2013-12-03T00:00:00
16441532;541591;Vysoký Chlumec;;;;;403644;Víska;;;è.p.;43;;;26252;752485.92;1094857.06;2013-12-03T00:00:00
16441541;541591;Vysoký Chlumec;;;;;403644;Víska;;;è.p.;44;;;26252;752525.93;1094876.06;2013-12-03T00:00:00
16441559;541591;Vysoký Chlumec;;;;;403644;Víska;;;è.p.;45;;;26252;752484.90;1094599.60;2013-12-03T00:00:00
16441567;541591;Vysoký Chlumec;;;;;403644;Víska;;;è.p.;46;;;26252;752412.43;1094789.15;2013-12-03T00:00:00
16441575;541591;Vysoký Chlumec;;;;;403644;Víska;;;è.p.;47;;;26252;752549.83;1094808.02;2019-08-06T00:00:00
16441583;541591;Vysoký Chlumec;;;;;403644;Víska;;;è.p.;48;;;26252;752453.46;1094879.41;2013-12-03T00:00:00
16441591;541591;Vysoký Chlumec;;;;;403644;Víska;;;è.p.;49;;;26252;751899.90;1094727.09;2013-12-03T00:00:00
16441605;541591;Vysoký Chlumec;;;;;403644;Víska;;;è.p.;50;;;26252;752420.49;1094865.91;2013-12-03T00:00:00
16441613;541591;Vysoký Chlumec;;;;;403644;Víska;;;è.p.;51;;;26252;752476.42;1094758.72;2013-12-03T00:00:00
16441621;541591;Vysoký Chlumec;;;;;403644;Víska;;;è.p.;52;;;26252;752453.99;1094654.68;2013-12-03T00:00:00
16441630;541591;Vysoký Chlumec;;;;;403644;Víska;;;è.p.;53;;;26252;752463.61;1094679.00;2013-12-03T00:00:00
16441648;541591;Vysoký Chlumec;;;;;403644;Víska;;;è.p.;54;;;26252;752340.88;1094728.03;2013-12-03T00:00:00
16441664;541591;Vysoký Chlumec;;;;;403644;Víska;;;è.p.;65;;;26252;752350.14;1094775.38;2014-04-07T00:00:00
16441672;541591;Vysoký Chlumec;;;;;403644;Víska;;;è.ev.;3;;;26252;752337.44;1094786.48;2013-12-03T00:00:00
16441699;541591;Vysoký Chlumec;;;;;403644;Víska;;;è.ev.;5;;;26252;752481.49;1094739.11;2013-12-03T00:00:00
16441702;541591;Vysoký Chlumec;;;;;403644;Víska;;;è.ev.;6;;;26252;752391.32;1094612.07;2013-12-03T00:00:00
16441711;541591;Vysoký Chlumec;;;;;403644;Víska;;;è.ev.;7;;;26252;752415.91;1094685.15;2022-10-20T00:00:00
16441729;541591;Vysoký Chlumec;;;;;403652;Jezvina;;;è.p.;1;;;26401;754138.49;1092422.25;2013-12-03T00:00:00
16441737;541591;Vysoký Chlumec;;;;;403652;Jezvina;;;è.p.;2;;;26401;754093.90;1092372.02;2013-12-03T00:00:00
16441745;541591;Vysoký Chlumec;;;;;403652;Jezvina;;;è.p.;3;;;26401;754063.35;1092495.07;2013-12-03T00:00:00
16441761;541591;Vysoký Chlumec;;;;;403652;Jezvina;;;è.ev.;7;;;26401;754072.26;1092362.18;2013-12-03T00:00:00
25724495;541591;Vysoký Chlumec;;;;;188417;Vysoký Chlumec;;;è.p.;140;;;26252;752586.56;1094537.64;2013-12-03T00:00:00
25823264;541591;Vysoký Chlumec;;;;;188417;Vysoký Chlumec;;;è.p.;141;;;26252;751615.74;1094515.03;2013-12-03T00:00:00
26178311;541591;Vysoký Chlumec;;;;;125911;Bláhova Lhota;;;è.p.;15;;;26401;755811.12;1095393.55;2019-08-01T00:00:00
26361647;541591;Vysoký Chlumec;;;;;125911;Bláhova Lhota;;;è.ev.;4;;;26401;755865.73;1094746.84;2013-12-03T00:00:00
26361655;541591;Vysoký Chlumec;;;;;125911;Bláhova Lhota;;;è.ev.;5;;;26401;755901.99;1094818.27;2013-12-03T00:00:00
26445506;541591;Vysoký Chlumec;;;;;188417;Vysoký Chlumec;;;è.p.;142;;;26252;751817.77;1094715.24;2013-12-03T00:00:00
26536242;541591;Vysoký Chlumec;;;;;46566;Hrabøí;;;è.ev.;9;;;26401;755498.62;1092425.21;2013-12-03T00:00:00
26542307;541591;Vysoký Chlumec;;;;;188417;Vysoký Chlumec;;;è.p.;139;;;26252;752587.22;1094492.95;2013-12-03T00:00:00
26542706;541591;Vysoký Chlumec;;;;;188417;Vysoký Chlumec;;;è.p.;137;;;26252;752606.25;1094507.69;2013-12-03T00:00:00
26543389;541591;Vysoký Chlumec;;;;;188417;Vysoký Chlumec;;;è.p.;138;;;26252;752567.33;1094477.03;2013-12-03T00:00:00
26809362;541591;Vysoký Chlumec;;;;;125911;Bláhova Lhota;;;è.p.;9;;;26401;755905.19;1094778.52;2013-12-03T00:00:00
26809371;541591;Vysoký Chlumec;;;;;125911;Bláhova Lhota;;;è.p.;11;;;26401;755842.38;1095413.16;2021-11-03T00:00:00
26809389;541591;Vysoký Chlumec;;;;;125911;Bláhova Lhota;;;è.p.;12;;;26401;755902.31;1094707.02;2013-12-03T00:00:00
26809397;541591;Vysoký Chlumec;;;;;125911;Bláhova Lhota;;;è.p.;13;;;26401;755905.84;1094749.18;2013-12-03T00:00:00
26809401;541591;Vysoký Chlumec;;;;;125911;Bláhova Lhota;;;è.p.;14;;;26401;755889.99;1094725.25;2013-12-03T00:00:00
26809419;541591;Vysoký Chlumec;;;;;188417;Vysoký Chlumec;;;è.p.;58;;;26252;751845.35;1094512.80;2019-08-01T00:00:00
26809427;541591;Vysoký Chlumec;;;;;188417;Vysoký Chlumec;;;è.p.;83;;;26252;752210.91;1094545.94;2013-12-03T00:00:00
26809435;541591;Vysoký Chlumec;;;;;188417;Vysoký Chlumec;;;è.p.;136;;;26252;752085.00;1095005.00;2013-12-03T00:00:00
26809443;541591;Vysoký Chlumec;;;;;403644;Víska;;;è.p.;1;;;26252;752173.76;1094712.27;2013-12-03T00:00:00
26809451;541591;Vysoký Chlumec;;;;;403644;Víska;;;è.p.;4;;;26252;752317.56;1094693.66;2013-12-03T00:00:00
26809460;541591;Vysoký Chlumec;;;;;403644;Víska;;;è.p.;55;;;26252;752526.00;1094202.00;2013-12-03T00:00:00
27426904;541591;Vysoký Chlumec;;;;;125911;Bláhova Lhota;;;è.ev.;6;;;26401;755958.19;1094926.07;2013-12-03T00:00:00
27426912;541591;Vysoký Chlumec;;;;;125920;Poøešice;;;è.p.;30;;;26401;755332.07;1094872.37;2013-12-03T00:00:00
27426921;541591;Vysoký Chlumec;;;;;403644;Víska;;;è.p.;56;;;26252;752746.27;1094778.00;2020-11-25T00:00:00
27460975;541591;Vysoký Chlumec;;;;;125920;Poøešice;;;è.ev.;12;;;26401;755055.05;1094875.07;2013-12-03T00:00:00
27671569;541591;Vysoký Chlumec;;;;;188417;Vysoký Chlumec;;;è.p.;143;;;26252;751856.05;1095154.33;2013-12-03T00:00:00
27731073;541591;Vysoký Chlumec;;;;;125920;Poøešice;;;è.p.;48;;;26401;754927.56;1094969.86;2013-12-03T00:00:00
27760430;541591;Vysoký Chlumec;;;;;403644;Víska;;;è.p.;60;;;26252;752529.81;1094879.83;2013-12-03T00:00:00
27797660;541591;Vysoký Chlumec;;;;;188417;Vysoký Chlumec;;;è.p.;144;;;26252;751693.31;1094643.27;2013-12-03T00:00:00
27862933;541591;Vysoký Chlumec;;;;;125920;Poøešice;;;è.p.;29;;;26401;755355.99;1094894.51;2013-12-03T00:00:00
28080939;541591;Vysoký Chlumec;;;;;403644;Víska;;;è.p.;58;;;26252;752619.84;1094447.21;2013-12-03T00:00:00
28222903;541591;Vysoký Chlumec;;;;;403644;Víska;;;è.p.;61;;;26252;752414.69;1094506.48;2013-12-03T00:00:00
30866260;541591;Vysoký Chlumec;;;;;125920;Poøešice;;;è.ev.;1;;;26401;755148.35;1094937.74;2013-12-03T00:00:00
40644391;541591;Vysoký Chlumec;;;;;188417;Vysoký Chlumec;;;è.p.;145;;;26252;752816.30;1094687.36;2013-12-03T00:00:00
41034929;541591;Vysoký Chlumec;;;;;125911;Bláhova Lhota;;;è.p.;16;;;26401;755939.74;1094780.91;2013-12-03T00:00:00
41164113;541591;Vysoký Chlumec;;;;;125920;Poøešice;;;è.p.;56;;;26401;755370.15;1094908.86;2013-12-03T00:00:00
41283988;541591;Vysoký Chlumec;;;;;188409;Vápenice;;;è.p.;13;;;26401;750767.48;1094331.35;2013-12-03T00:00:00
41638221;541591;Vysoký Chlumec;;;;;46566;Hrabøí;;;è.p.;42;;;26401;755385.58;1092514.04;2013-12-03T00:00:00
41705807;541591;Vysoký Chlumec;;;;;403644;Víska;;;è.p.;62;;;26252;752622.42;1094490.45;2013-12-03T00:00:00
42238129;541591;Vysoký Chlumec;;;;;403644;Víska;;;è.p.;59;;;26252;752657.81;1094612.99;2013-12-03T00:00:00
42360072;541591;Vysoký Chlumec;;;;;403644;Víska;;;è.p.;64;;;26252;752633.89;1094801.49;2013-12-03T00:00:00
42415993;541591;Vysoký Chlumec;;;;;403644;Víska;;;è.p.;63;;;26252;752864.03;1094819.46;2013-12-03T00:00:00
42668981;541591;Vysoký Chlumec;;;;;188417;Vysoký Chlumec;;;è.p.;146;;;26252;751634.53;1094538.69;2013-12-03T00:00:00
42691354;541591;Vysoký Chlumec;;;;;125911;Bláhova Lhota;;;è.p.;17;;;26401;755838.76;1094720.38;2013-12-03T00:00:00
70945713;541591;Vysoký Chlumec;;;;;188417;Vysoký Chlumec;;;è.p.;147;;;26252;751643.25;1094565.26;2014-01-13T00:00:00
72857277;541591;Vysoký Chlumec;;;;;403644;Víska;;;è.p.;66;;;26252;752680.85;1094606.20;2014-06-30T00:00:00
73282821;541591;Vysoký Chlumec;;;;;403644;Víska;;;è.p.;67;;;26252;752260.61;1094842.05;2014-12-17T00:00:00
74877241;541591;Vysoký Chlumec;;;;;403644;Víska;;;è.p.;57;;;26252;752511.64;1094225.82;2016-04-13T00:00:00
75106876;541591;Vysoký Chlumec;;;;;125920;Poøešice;;;è.p.;57;;;26401;755157.81;1094997.56;2016-06-13T00:00:00
75581281;541591;Vysoký Chlumec;;;;;188417;Vysoký Chlumec;;;è.p.;148;;;26252;751693.90;1095102.77;2016-11-25T00:00:00
77843037;541591;Vysoký Chlumec;;;;;188417;Vysoký Chlumec;;;è.p.;149;;;26252;752440.49;1094205.75;2017-12-04T00:00:00
78267765;541591;Vysoký Chlumec;;;;;188417;Vysoký Chlumec;;;è.p.;150;;;26252;751924.38;1094941.22;2018-04-18T00:00:00
79758681;541591;Vysoký Chlumec;;;;;188417;Vysoký Chlumec;;;è.p.;151;;;26252;752534.49;1094480.78;2019-08-26T00:00:00
79841406;541591;Vysoký Chlumec;;;;;188409;Vápenice;;;è.p.;14;;;26401;750722.40;1094261.44;2019-09-02T00:00:00
80395368;541591;Vysoký Chlumec;;;;;188417;Vysoký Chlumec;;;è.p.;152;;;26252;752420.19;1094089.43;2020-02-19T00:00:00
80497705;541591;Vysoký Chlumec;;;;;403644;Víska;;;è.p.;68;;;26252;752394.89;1094809.96;2020-03-19T00:00:00
80610706;541591;Vysoký Chlumec;;;;;188409;Vápenice;;;è.p.;15;;;26401;750688.99;1094221.81;2020-05-13T00:00:00
81101791;541591;Vysoký Chlumec;;;;;188417;Vysoký Chlumec;;;è.p.;153;;;26252;751598.75;1094461.97;2020-08-27T00:00:00
81322119;541591;Vysoký Chlumec;;;;;403644;Víska;;;è.p.;69;;;26252;752283.85;1094693.17;2020-11-30T00:00:00
81454830;541591;Vysoký Chlumec;;;;;188417;Vysoký Chlumec;;;è.p.;154;;;26252;751533.39;1094521.78;2021-01-25T00:00:00
81651422;541591;Vysoký Chlumec;;;;;188417;Vysoký Chlumec;;;è.p.;155;;;26252;751794.27;1094567.14;2021-04-16T00:00:00
81655371;541591;Vysoký Chlumec;;;;;46566;Hrabøí;;;è.p.;43;;;26401;755580.44;1092510.09;2021-04-16T00:00:00
82352933;541591;Vysoký Chlumec;;;;;188417;Vysoký Chlumec;;;è.p.;156;;;26252;751664.10;1094566.06;2021-12-16T00:00:00
82998256;541591;Vysoký Chlumec;;;;;188417;Vysoký Chlumec;;;è.p.;157;;;26252;751794.93;1094716.48;2022-05-30T00:00:00
83204644;541591;Vysoký Chlumec;;;;;188417;Vysoký Chlumec;;;è.p.;158;;;26252;751694.55;1094593.88;2022-08-10T00:00:00
85307734;541591;Vysoký Chlumec;;;;;125911;Bláhova Lhota;;;è.p.;18;;;26401;755940.23;1094808.82;2023-06-21T00:00:00
86745808;541591;Vysoký Chlumec;;;;;188417;Vysoký Chlumec;;;è.p.;159;;;26252;751753.29;1094532.66;2025-01-13T00:00:00
87703343;541591;Vysoký Chlumec;;;;;188417;Vysoký Chlumec;;;è.p.;160;;;26252;751729.86;1094532.57;2026-02-24T00:00:00
