Kód ADM;Kód obce;Název obce;Kód MOMC;Název MOMC;Kód obvodu Prahy;Název obvodu Prahy;Kód èásti obce;Název èásti obce;Kód ulice;Název ulice;Typ SO;Èíslo domovní;Èíslo orientaèní;Znak èísla orientaèního;PSÈ;Souøadnice Y;Souøadnice X;Platí Od
5911656;531243;Hýskov;;;;;50474;Hýskov;10618;K Lesíku;è.p.;1;;;26706;771058.56;1049880.88;2013-11-29T00:00:00
5911664;531243;Hýskov;;;;;50474;Hýskov;10693;Námìstí 5. kvìtna;è.p.;2;;;26706;770526.75;1049986.38;2013-11-29T00:00:00
5911672;531243;Hýskov;;;;;50474;Hýskov;10693;Námìstí 5. kvìtna;è.p.;3;;;26706;770496.19;1049988.00;2013-11-29T00:00:00
5911681;531243;Hýskov;;;;;50474;Hýskov;10626;K Nádržce;è.p.;4;;;26706;770415.98;1049990.82;2013-11-29T00:00:00
5911699;531243;Hýskov;;;;;50474;Hýskov;10642;Libinská;è.p.;5;;;26706;769996.61;1049438.31;2019-08-09T00:00:00
5911711;531243;Hýskov;;;;;50474;Hýskov;10642;Libinská;è.p.;6;;;26706;770351.75;1049994.25;2013-11-29T00:00:00
5911729;531243;Hýskov;;;;;50474;Hýskov;10642;Libinská;è.p.;7;;;26706;770367.31;1049872.00;2013-11-29T00:00:00
5911737;531243;Hýskov;;;;;50474;Hýskov;10642;Libinská;è.p.;8;;;26706;770383.31;1049846.00;2013-11-29T00:00:00
5911745;531243;Hýskov;;;;;50474;Hýskov;10642;Libinská;è.p.;9;;;26706;770383.46;1049792.34;2013-11-29T00:00:00
5911753;531243;Hýskov;;;;;50474;Hýskov;10588;Dìlnická;è.p.;10;;;26706;770764.36;1050250.06;2013-11-29T00:00:00
5911761;531243;Hýskov;;;;;50474;Hýskov;10642;Libinská;è.p.;11;;;26706;770340.63;1049718.50;2013-11-29T00:00:00
5911770;531243;Hýskov;;;;;50474;Hýskov;10642;Libinská;è.p.;12;;;26706;770311.19;1049693.41;2013-11-29T00:00:00
5911788;531243;Hýskov;;;;;50474;Hýskov;10715;Nová;è.p.;13;;;26706;770390.19;1049717.25;2013-11-29T00:00:00
5911796;531243;Hýskov;;;;;50474;Hýskov;10731;Prostøední;è.p.;14;;;26706;770420.94;1049801.75;2013-11-29T00:00:00
5911800;531243;Hýskov;;;;;50474;Hýskov;10731;Prostøední;è.p.;15;;;26706;770474.81;1049901.88;2013-11-29T00:00:00
5911818;531243;Hýskov;;;;;50474;Hýskov;10634;Kladenská;è.p.;16;;;26706;770559.06;1049889.63;2013-11-29T00:00:00
5911826;531243;Hýskov;;;;;50474;Hýskov;10731;Prostøední;è.p.;17;;;26706;770518.21;1049915.30;2013-11-29T00:00:00
5911834;531243;Hýskov;;;;;50474;Hýskov;10731;Prostøední;è.p.;18;;;26706;770524.88;1049899.13;2013-11-29T00:00:00
5911842;531243;Hýskov;;;;;50474;Hýskov;10731;Prostøední;è.p.;19;;;26706;770500.44;1049910.25;2013-11-29T00:00:00
5911851;531243;Hýskov;;;;;50474;Hýskov;10634;Kladenská;è.p.;20;;;26706;770581.94;1049877.13;2013-11-29T00:00:00
5911869;531243;Hýskov;;;;;50474;Hýskov;10634;Kladenská;è.p.;21;;;26706;770566.31;1049916.75;2013-11-29T00:00:00
5911885;531243;Hýskov;;;;;50474;Hýskov;10693;Námìstí 5. kvìtna;è.p.;23;;;26706;770612.00;1049913.25;2013-11-29T00:00:00
5911893;531243;Hýskov;;;;;50474;Hýskov;10693;Námìstí 5. kvìtna;è.p.;24;;;26706;770668.00;1049909.13;2013-11-29T00:00:00
5911907;531243;Hýskov;;;;;50474;Hýskov;10693;Námìstí 5. kvìtna;è.p.;25;;;26706;770689.19;1049916.13;2013-11-29T00:00:00
5911915;531243;Hýskov;;;;;50474;Hýskov;10693;Námìstí 5. kvìtna;è.p.;26;;;26706;770711.92;1049951.79;2022-10-14T00:00:00
5911923;531243;Hýskov;;;;;50474;Hýskov;10812;Zabranská;è.p.;27;;;26706;770759.65;1049938.08;2013-11-29T00:00:00
5911931;531243;Hýskov;;;;;50474;Hýskov;10693;Námìstí 5. kvìtna;è.p.;28;;;26706;770721.56;1049964.75;2020-10-12T00:00:00
5911940;531243;Hýskov;;;;;50474;Hýskov;10693;Námìstí 5. kvìtna;è.p.;29;;;26706;770716.50;1050011.13;2013-11-29T00:00:00
5911958;531243;Hýskov;;;;;50474;Hýskov;10588;Dìlnická;è.p.;30;;;26706;770688.06;1050067.13;2013-11-29T00:00:00
5911966;531243;Hýskov;;;;;50474;Hýskov;10693;Námìstí 5. kvìtna;è.p.;31;;;26706;770665.25;1049964.75;2013-11-29T00:00:00
5911974;531243;Hýskov;;;;;50474;Hýskov;10693;Námìstí 5. kvìtna;è.p.;32;;;26706;770634.04;1049961.34;2022-10-14T00:00:00
5911982;531243;Hýskov;;;;;50474;Hýskov;10642;Libinská;è.p.;33;;;26706;770008.06;1049439.63;2013-11-29T00:00:00
5911991;531243;Hýskov;;;;;50474;Hýskov;10693;Námìstí 5. kvìtna;è.p.;34;;;26706;770649.13;1050018.34;2013-11-29T00:00:00
5912008;531243;Hýskov;;;;;50474;Hýskov;10693;Námìstí 5. kvìtna;è.p.;35;;;26706;770619.50;1050005.25;2013-11-29T00:00:00
5912016;531243;Hýskov;;;;;50474;Hýskov;10693;Námìstí 5. kvìtna;è.p.;36;;;26706;770599.25;1050007.63;2013-11-29T00:00:00
5912024;531243;Hýskov;;;;;50474;Hýskov;10677;Na Vartì;è.p.;37;;;26706;770375.88;1050097.03;2013-11-29T00:00:00
5912032;531243;Hýskov;;;;;50474;Hýskov;10693;Námìstí 5. kvìtna;è.p.;38;;;26706;770586.11;1050024.48;2013-11-29T00:00:00
5912041;531243;Hýskov;;;;;50474;Hýskov;10693;Námìstí 5. kvìtna;è.p.;39;;;26706;770559.22;1050029.66;2022-10-14T00:00:00
5912059;531243;Hýskov;;;;;50474;Hýskov;10693;Námìstí 5. kvìtna;è.p.;40;;;26706;770528.56;1050024.00;2013-11-29T00:00:00
5912067;531243;Hýskov;;;;;50474;Hýskov;10693;Námìstí 5. kvìtna;è.p.;41;;;26706;770518.44;1050018.38;2013-11-29T00:00:00
5912075;531243;Hýskov;;;;;50474;Hýskov;10693;Námìstí 5. kvìtna;è.p.;42;;;26706;770493.29;1050040.85;2022-10-14T00:00:00
5912083;531243;Hýskov;;;;;50474;Hýskov;10677;Na Vartì;è.p.;43;;;26706;770465.38;1050060.75;2013-11-29T00:00:00
5912091;531243;Hýskov;;;;;50474;Hýskov;10677;Na Vartì;è.p.;44;;;26706;770414.75;1050104.50;2013-11-29T00:00:00
5912105;531243;Hýskov;;;;;50474;Hýskov;10677;Na Vartì;è.p.;45;;;26706;770463.95;1050045.07;2023-08-31T00:00:00
5912113;531243;Hýskov;;;;;50474;Hýskov;10693;Námìstí 5. kvìtna;è.p.;46;;;26706;770471.94;1050026.88;2013-11-29T00:00:00
5912121;531243;Hýskov;;;;;50474;Hýskov;10731;Prostøední;è.p.;47;;;26706;770458.31;1049915.75;2013-11-29T00:00:00
5912130;531243;Hýskov;;;;;50474;Hýskov;10766;Srázná;è.p.;48;;;26706;770886.81;1050112.50;2013-11-29T00:00:00
5912148;531243;Hýskov;;;;;50474;Hýskov;10626;K Nádržce;è.p.;49;;;26706;770456.25;1050021.00;2013-11-29T00:00:00
5912156;531243;Hýskov;;;;;50474;Hýskov;10812;Zabranská;è.p.;50;;;26706;770711.05;1049997.70;2022-10-14T00:00:00
5912164;531243;Hýskov;;;;;50474;Hýskov;10740;Soubìžná;è.p.;51;;;26706;770989.85;1049994.67;2022-10-14T00:00:00
5912172;531243;Hýskov;;;;;50474;Hýskov;10731;Prostøední;è.p.;52;;;26706;770496.38;1049935.88;2013-11-29T00:00:00
5912181;531243;Hýskov;;;;;50474;Hýskov;10642;Libinská;è.p.;53;;;26706;770352.50;1049753.00;2013-11-29T00:00:00
5912199;531243;Hýskov;;;;;50474;Hýskov;;;è.p.;54;;;26706;768717.75;1048831.38;2013-11-29T00:00:00
5912202;531243;Hýskov;;;;;50474;Hýskov;10642;Libinská;è.p.;55;;;26706;770370.14;1049810.09;2013-11-29T00:00:00
5912211;531243;Hýskov;;;;;50474;Hýskov;10642;Libinská;è.p.;56;;;26706;770380.25;1049830.52;2013-11-29T00:00:00
5912229;531243;Hýskov;;;;;50474;Hýskov;10642;Libinská;è.p.;57;;;26706;770178.40;1049623.19;2013-11-29T00:00:00
5912237;531243;Hýskov;;;;;50474;Hýskov;10651;Na Bøasích;è.p.;58;;;26706;770818.38;1050265.50;2013-11-29T00:00:00
5912245;531243;Hýskov;;;;;50474;Hýskov;10723;Pod Skalou;è.p.;59;;;26706;770331.17;1049760.92;2013-11-29T00:00:00
5912253;531243;Hýskov;;;;;50474;Hýskov;10731;Prostøední;è.p.;60;;;26706;770443.50;1049827.50;2013-11-29T00:00:00
5912261;531243;Hýskov;;;;;50474;Hýskov;10561;Berounská;è.p.;61;;;26706;770627.81;1050048.13;2013-11-29T00:00:00
5912270;531243;Hýskov;;;;;50474;Hýskov;10588;Dìlnická;è.p.;62;;;26706;770691.07;1050023.33;2013-11-29T00:00:00
5912288;531243;Hýskov;;;;;50474;Hýskov;10693;Námìstí 5. kvìtna;è.p.;63;;;26706;770508.31;1049992.88;2013-11-29T00:00:00
5912296;531243;Hýskov;;;;;50474;Hýskov;10723;Pod Skalou;è.p.;64;;;26706;770338.61;1049774.01;2013-11-29T00:00:00
5912300;531243;Hýskov;;;;;50474;Hýskov;10731;Prostøední;è.p.;65;;;26706;770450.40;1049931.02;2013-11-29T00:00:00
5912318;531243;Hýskov;;;;;50474;Hýskov;10731;Prostøední;è.p.;66;;;26706;770453.18;1049852.23;2013-11-29T00:00:00
5912326;531243;Hýskov;;;;;50474;Hýskov;10634;Kladenská;è.p.;67;;;26706;770547.04;1049866.17;2022-10-14T00:00:00
5912334;531243;Hýskov;;;;;50474;Hýskov;10731;Prostøední;è.p.;68;;;26706;770536.38;1049875.75;2013-11-29T00:00:00
5912342;531243;Hýskov;;;;;50474;Hýskov;10731;Prostøední;è.p.;69;;;26706;770521.88;1049879.88;2013-11-29T00:00:00
5912351;531243;Hýskov;;;;;50474;Hýskov;10723;Pod Skalou;è.p.;70;;;26706;770321.07;1049783.30;2022-10-14T00:00:00
5912369;531243;Hýskov;;;;;50474;Hýskov;10693;Námìstí 5. kvìtna;è.p.;71;;;26706;770661.63;1049982.38;2013-11-29T00:00:00
5912377;531243;Hýskov;;;;;50474;Hýskov;10731;Prostøední;è.p.;72;;;26706;770460.50;1049869.00;2013-11-29T00:00:00
5912385;531243;Hýskov;;;;;50474;Hýskov;10731;Prostøední;è.p.;73;;;26706;770483.13;1049874.63;2013-11-29T00:00:00
5912393;531243;Hýskov;;;;;50474;Hýskov;10588;Dìlnická;è.p.;74;;;26706;770682.23;1050042.99;2024-01-15T00:00:00
5912407;531243;Hýskov;;;;;50474;Hýskov;10588;Dìlnická;è.p.;75;;;26706;770745.18;1050208.23;2013-11-29T00:00:00
5912415;531243;Hýskov;;;;;50474;Hýskov;10634;Kladenská;è.p.;76;;;26706;770572.44;1049845.50;2013-11-29T00:00:00
5912423;531243;Hýskov;;;;;50474;Hýskov;10634;Kladenská;è.p.;77;;;26706;770558.13;1049813.25;2013-11-29T00:00:00
5912431;531243;Hýskov;;;;;50474;Hýskov;10731;Prostøední;è.p.;78;;;26706;770435.25;1049938.38;2013-11-29T00:00:00
5912440;531243;Hýskov;;;;;50474;Hýskov;10677;Na Vartì;è.p.;79;;;26706;770481.00;1050060.25;2013-11-29T00:00:00
5912458;531243;Hýskov;;;;;50474;Hýskov;10588;Dìlnická;è.p.;80;;;26706;770733.19;1050196.96;2022-10-14T00:00:00
5912466;531243;Hýskov;;;;;50474;Hýskov;10588;Dìlnická;è.p.;81;;;26706;770777.66;1050186.46;2013-11-29T00:00:00
5912474;531243;Hýskov;;;;;50474;Hýskov;10731;Prostøední;è.p.;82;;;26706;770448.82;1049891.17;2022-10-14T00:00:00
5912482;531243;Hýskov;;;;;50474;Hýskov;10561;Berounská;è.p.;83;;;26706;770429.13;1050129.38;2013-11-29T00:00:00
5912491;531243;Hýskov;;;;;50474;Hýskov;10634;Kladenská;è.p.;84;;;26706;770549.48;1049803.50;2022-10-14T00:00:00
5912504;531243;Hýskov;;;;;50474;Hýskov;10715;Nová;è.p.;85;;;26706;770524.13;1049813.00;2013-11-29T00:00:00
5912512;531243;Hýskov;;;;;50474;Hýskov;10715;Nová;è.p.;86;;;26706;770500.31;1049815.38;2013-11-29T00:00:00
5912521;531243;Hýskov;;;;;50474;Hýskov;10715;Nová;è.p.;87;;;26706;770478.50;1049812.75;2013-11-29T00:00:00
5912539;531243;Hýskov;;;;;50474;Hýskov;10731;Prostøední;è.p.;88;;;26706;770469.90;1049879.64;2013-11-29T00:00:00
5912547;531243;Hýskov;;;;;50474;Hýskov;10588;Dìlnická;è.p.;89;;;26706;770668.80;1050069.90;2013-11-29T00:00:00
5912555;531243;Hýskov;;;;;50474;Hýskov;10588;Dìlnická;è.p.;90;;;26706;770720.56;1050032.50;2013-11-29T00:00:00
5912571;531243;Hýskov;;;;;50474;Hýskov;10634;Kladenská;è.p.;92;;;26706;770528.25;1049839.25;2013-11-29T00:00:00
5912580;531243;Hýskov;;;;;50474;Hýskov;10715;Nová;è.p.;93;;;26706;770515.38;1049848.88;2013-11-29T00:00:00
5912598;531243;Hýskov;;;;;50474;Hýskov;10715;Nová;è.p.;94;;;26706;770501.94;1049846.38;2013-11-29T00:00:00
5912601;531243;Hýskov;;;;;50474;Hýskov;10715;Nová;è.p.;95;;;26706;770490.63;1049843.75;2013-11-29T00:00:00
5912610;531243;Hýskov;;;;;50474;Hýskov;10715;Nová;è.p.;96;;;26706;770476.56;1049846.50;2013-11-29T00:00:00
5912628;531243;Hýskov;;;;;50474;Hýskov;;;è.p.;97;;;26706;772021.31;1048475.69;2013-11-29T00:00:00
5912636;531243;Hýskov;;;;;50474;Hýskov;10651;Na Bøasích;è.p.;98;;;26706;770911.88;1050279.91;2013-11-29T00:00:00
5912644;531243;Hýskov;;;;;50474;Hýskov;10561;Berounská;è.p.;99;;;26706;770461.31;1050095.13;2013-11-29T00:00:00
5912652;531243;Hýskov;;;;;50474;Hýskov;10561;Berounská;è.p.;100;;;26706;770529.81;1050105.25;2013-11-29T00:00:00
5912661;531243;Hýskov;;;;;50474;Hýskov;10561;Berounská;è.p.;101;;;26706;770520.50;1050108.88;2013-11-29T00:00:00
5912679;531243;Hýskov;;;;;50474;Hýskov;10651;Na Bøasích;è.p.;102;;;26706;771320.25;1050060.13;2013-11-29T00:00:00
5912687;531243;Hýskov;;;;;50474;Hýskov;10651;Na Bøasích;è.p.;103;;;26706;771247.83;1050089.58;2022-10-14T00:00:00
5912695;531243;Hýskov;;;;;50474;Hýskov;10651;Na Bøasích;è.p.;104;;;26706;771235.38;1050099.88;2013-11-29T00:00:00
5912709;531243;Hýskov;;;;;50474;Hýskov;10651;Na Bøasích;è.p.;105;;;26706;770934.97;1050266.26;2013-11-29T00:00:00
5912717;531243;Hýskov;;;;;50474;Hýskov;10561;Berounská;è.p.;106;;;26706;770508.94;1050107.25;2013-11-29T00:00:00
5912725;531243;Hýskov;;;;;50474;Hýskov;10561;Berounská;è.p.;107;;;26706;770553.81;1050092.55;2013-11-29T00:00:00
5912733;531243;Hýskov;;;;;50474;Hýskov;10774;Školní;è.p.;108;;;26706;770595.25;1050143.38;2013-11-29T00:00:00
5912741;531243;Hýskov;;;;;50474;Hýskov;10774;Školní;è.p.;109;;;26706;770576.38;1050156.13;2013-11-29T00:00:00
5912750;531243;Hýskov;;;;;50474;Hýskov;10634;Kladenská;è.p.;110;;;26706;770471.69;1049781.13;2013-11-29T00:00:00
5912768;531243;Hýskov;;;;;50474;Hýskov;10677;Na Vartì;è.p.;111;;;26706;770451.19;1050077.25;2013-11-29T00:00:00
5912776;531243;Hýskov;;;;;50474;Hýskov;10774;Školní;è.p.;112;;;26706;770571.94;1050183.88;2013-11-29T00:00:00
5912784;531243;Hýskov;;;;;50474;Hýskov;;;è.p.;113;;;26706;768868.88;1048873.63;2013-11-29T00:00:00
5912792;531243;Hýskov;;;;;50474;Hýskov;10561;Berounská;è.p.;114;;;26706;770500.38;1050139.94;2013-11-29T00:00:00
5912806;531243;Hýskov;;;;;50474;Hýskov;10561;Berounská;è.p.;115;;;26706;770542.19;1050104.38;2013-11-29T00:00:00
5912814;531243;Hýskov;;;;;50474;Hýskov;10561;Berounská;è.p.;116;;;26706;770569.69;1050100.13;2013-11-29T00:00:00
5912831;531243;Hýskov;;;;;50474;Hýskov;10561;Berounská;è.p.;118;;;26706;770579.63;1050129.75;2013-11-29T00:00:00
5912849;531243;Hýskov;;;;;50474;Hýskov;10561;Berounská;è.p.;119;;;26706;770553.06;1050129.00;2013-11-29T00:00:00
5912857;531243;Hýskov;;;;;50474;Hýskov;10561;Berounská;è.p.;120;;;26706;770535.66;1050142.11;2013-11-29T00:00:00
5912865;531243;Hýskov;;;;;50474;Hýskov;10561;Berounská;è.p.;121;;;26706;770518.62;1050138.62;2013-11-29T00:00:00
5912873;531243;Hýskov;;;;;50474;Hýskov;10774;Školní;è.p.;122;;;26706;770568.69;1050163.75;2013-11-29T00:00:00
5912881;531243;Hýskov;;;;;50474;Hýskov;10774;Školní;è.p.;123;;;26706;770545.19;1050172.13;2013-11-29T00:00:00
5912890;531243;Hýskov;;;;;50474;Hýskov;10626;K Nádržce;è.p.;124;;;26706;770402.81;1049956.00;2013-11-29T00:00:00
5912903;531243;Hýskov;;;;;50474;Hýskov;10651;Na Bøasích;è.p.;125;;;26706;771265.00;1050082.38;2013-11-29T00:00:00
5912911;531243;Hýskov;;;;;50474;Hýskov;10651;Na Bøasích;è.p.;126;;;26706;770961.00;1050245.50;2013-11-29T00:00:00
5912920;531243;Hýskov;;;;;50474;Hýskov;10685;Nádražní;è.p.;127;;;26706;770970.87;1050246.00;2019-08-09T00:00:00
5912938;531243;Hýskov;;;;;50474;Hýskov;10651;Na Bøasích;è.p.;128;;;26706;770989.41;1050236.05;2013-11-29T00:00:00
5912946;531243;Hýskov;;;;;50474;Hýskov;10651;Na Bøasích;è.p.;129;;;26706;770999.56;1050220.88;2013-11-29T00:00:00
5912954;531243;Hýskov;;;;;50474;Hýskov;10651;Na Bøasích;è.p.;130;;;26706;771014.63;1050215.75;2013-11-29T00:00:00
5912962;531243;Hýskov;;;;;50474;Hýskov;10651;Na Bøasích;è.p.;131;;;26706;771032.38;1050202.75;2013-11-29T00:00:00
5912971;531243;Hýskov;;;;;50474;Hýskov;10651;Na Bøasích;è.p.;132;;;26706;771054.56;1050191.88;2013-11-29T00:00:00
5912989;531243;Hýskov;;;;;50474;Hýskov;10651;Na Bøasích;è.p.;133;;;26706;771071.81;1050184.50;2013-11-29T00:00:00
5912997;531243;Hýskov;;;;;50474;Hýskov;10685;Nádražní;è.p.;134;;;26706;771018.35;1050170.41;2013-11-29T00:00:00
5913004;531243;Hýskov;;;;;50474;Hýskov;10731;Prostøední;è.p.;135;;;26706;770423.38;1049829.75;2013-11-29T00:00:00
5913012;531243;Hýskov;;;;;50474;Hýskov;10626;K Nádržce;è.p.;136;;;26706;770431.59;1050018.12;2013-11-29T00:00:00
5913021;531243;Hýskov;;;;;50474;Hýskov;10561;Berounská;è.p.;137;;;26706;770597.25;1050124.13;2013-11-29T00:00:00
5913039;531243;Hýskov;;;;;50474;Hýskov;10685;Nádražní;è.p.;138;;;26706;770961.00;1050204.50;2013-11-29T00:00:00
5913047;531243;Hýskov;;;;;50474;Hýskov;10561;Berounská;è.p.;139;;;26706;770481.38;1050140.25;2013-11-29T00:00:00
5913055;531243;Hýskov;;;;;50474;Hýskov;10588;Dìlnická;è.p.;140;;;26706;770732.30;1050115.90;2013-11-29T00:00:00
5913063;531243;Hýskov;;;;;50474;Hýskov;10774;Školní;è.p.;141;;;26706;770609.81;1050118.88;2013-11-29T00:00:00
5913071;531243;Hýskov;;;;;50474;Hýskov;10774;Školní;è.p.;142;;;26706;770621.31;1050138.50;2013-11-29T00:00:00
5913098;531243;Hýskov;;;;;50474;Hýskov;10677;Na Vartì;è.p.;143;;;26706;770433.56;1050111.75;2013-11-29T00:00:00
5913110;531243;Hýskov;;;;;50474;Hýskov;10723;Pod Skalou;è.p.;144;;;26706;770336.35;1049806.09;2013-11-29T00:00:00
5913128;531243;Hýskov;;;;;50474;Hýskov;10651;Na Bøasích;è.p.;145;;;26706;771190.00;1050124.00;2013-11-29T00:00:00
5913136;531243;Hýskov;;;;;50474;Hýskov;10561;Berounská;è.p.;146;;;26706;770473.50;1050093.88;2013-11-29T00:00:00
5913144;531243;Hýskov;;;;;50474;Hýskov;10588;Dìlnická;è.p.;147;;;26706;770759.44;1050167.38;2013-11-29T00:00:00
5913152;531243;Hýskov;;;;;50474;Hýskov;10715;Nová;è.p.;148;;;26706;770436.50;1049772.88;2013-11-29T00:00:00
5913161;531243;Hýskov;;;;;50474;Hýskov;10651;Na Bøasích;è.p.;149;;;26706;771091.49;1050174.77;2022-10-14T00:00:00
5913179;531243;Hýskov;;;;;50474;Hýskov;10651;Na Bøasích;è.p.;150;;;26706;771044.81;1050200.75;2013-11-29T00:00:00
5913187;531243;Hýskov;;;;;50474;Hýskov;10642;Libinská;è.p.;151;;;26706;770326.44;1049726.88;2022-10-14T00:00:00
5913195;531243;Hýskov;;;;;50474;Hýskov;10685;Nádražní;è.p.;152;;;26706;771009.48;1050184.33;2013-11-29T00:00:00
5913209;531243;Hýskov;;;;;50474;Hýskov;10651;Na Bøasích;è.p.;153;;;26706;770841.32;1050215.47;2013-11-29T00:00:00
5913217;531243;Hýskov;;;;;50474;Hýskov;10685;Nádražní;è.p.;154;;;26706;771046.13;1050142.00;2013-11-29T00:00:00
5913225;531243;Hýskov;;;;;50474;Hýskov;10596;Družstevní;è.p.;155;;;26706;771290.06;1050015.38;2013-11-29T00:00:00
5913233;531243;Hýskov;;;;;50474;Hýskov;10651;Na Bøasích;è.p.;156;;;26706;771219.31;1050106.88;2013-11-29T00:00:00
5913241;531243;Hýskov;;;;;50474;Hýskov;10634;Kladenská;è.p.;157;;;26706;770582.38;1049859.38;2013-11-29T00:00:00
5913250;531243;Hýskov;;;;;50474;Hýskov;10634;Kladenská;è.p.;158;;;26706;770577.21;1049829.83;2022-10-14T00:00:00
5913268;531243;Hýskov;;;;;50474;Hýskov;10693;Námìstí 5. kvìtna;è.p.;159;;;26706;770476.75;1050011.13;2013-11-29T00:00:00
5913276;531243;Hýskov;;;;;50474;Hýskov;10731;Prostøední;è.p.;160;;;26706;770460.75;1049896.25;2013-11-29T00:00:00
5913284;531243;Hýskov;;;;;50474;Hýskov;10731;Prostøední;è.p.;161;;;26706;770458.69;1049933.88;2013-11-29T00:00:00
5913292;531243;Hýskov;;;;;50474;Hýskov;10723;Pod Skalou;è.p.;162;;;26706;770275.13;1049716.18;2022-02-18T00:00:00
5913306;531243;Hýskov;;;;;50474;Hýskov;10626;K Nádržce;è.p.;163;;;26706;770403.17;1049978.75;2013-11-29T00:00:00
5913314;531243;Hýskov;;;;;50474;Hýskov;10561;Berounská;è.p.;164;;;26706;770642.56;1050092.50;2013-11-29T00:00:00
5913322;531243;Hýskov;;;;;50474;Hýskov;10642;Libinská;è.p.;165;;;26706;770303.69;1049724.63;2013-11-29T00:00:00
5913331;531243;Hýskov;;;;;50474;Hýskov;10642;Libinská;è.p.;166;;;26706;770294.25;1049713.50;2013-11-29T00:00:00
5913349;531243;Hýskov;;;;;50474;Hýskov;10642;Libinská;è.p.;167;;;26706;770372.24;1049774.19;2013-11-29T00:00:00
5913357;531243;Hýskov;;;;;50474;Hýskov;10804;V Lípì;è.p.;168;;;26706;770351.75;1049744.25;2013-11-29T00:00:00
5913365;531243;Hýskov;;;;;50474;Hýskov;10588;Dìlnická;è.p.;169;;;26706;770700.13;1050097.04;2013-11-29T00:00:00
5913373;531243;Hýskov;;;;;50474;Hýskov;10634;Kladenská;è.p.;170;;;26706;770515.38;1049797.25;2013-11-29T00:00:00
5913381;531243;Hýskov;;;;;50474;Hýskov;10596;Družstevní;è.p.;171;;;26706;770803.75;1050190.00;2013-11-29T00:00:00
5913390;531243;Hýskov;;;;;50474;Hýskov;10596;Družstevní;è.p.;172;;;26706;770831.25;1050179.63;2013-11-29T00:00:00
5913403;531243;Hýskov;;;;;50474;Hýskov;10642;Libinská;è.p.;173;;;26706;770271.19;1049688.75;2013-11-29T00:00:00
5913438;531243;Hýskov;;;;;50474;Hýskov;10634;Kladenská;è.p.;176;;;26706;770558.56;1049824.38;2013-11-29T00:00:00
5913446;531243;Hýskov;;;;;50474;Hýskov;10669;Na Krétì;è.p.;178;;;26706;770330.31;1050271.13;2013-11-29T00:00:00
5913454;531243;Hýskov;;;;;50474;Hýskov;10669;Na Krétì;è.p.;179;;;26706;770215.00;1050224.46;2013-11-29T00:00:00
5913462;531243;Hýskov;;;;;50474;Hýskov;10669;Na Krétì;è.p.;180;;;26706;770236.13;1050229.63;2013-11-29T00:00:00
5913471;531243;Hýskov;;;;;50474;Hýskov;10669;Na Krétì;è.p.;181;;;26706;770195.63;1050213.75;2013-11-29T00:00:00
5913489;531243;Hýskov;;;;;50474;Hýskov;10669;Na Krétì;è.p.;182;;;26706;770175.00;1050203.88;2013-11-29T00:00:00
5913497;531243;Hýskov;;;;;50474;Hýskov;10669;Na Krétì;è.p.;183;;;26706;770151.69;1050194.63;2013-11-29T00:00:00
5913501;531243;Hýskov;;;;;50474;Hýskov;10669;Na Krétì;è.p.;184;;;26706;770163.25;1050199.38;2013-11-29T00:00:00
5913519;531243;Hýskov;;;;;50474;Hýskov;10669;Na Krétì;è.p.;185;;;26706;770183.56;1050208.13;2013-11-29T00:00:00
5913527;531243;Hýskov;;;;;50474;Hýskov;10561;Berounská;è.p.;186;;;26706;770260.82;1050233.92;2022-10-14T00:00:00
5913535;531243;Hýskov;;;;;50474;Hýskov;10588;Dìlnická;è.p.;187;;;26706;770748.04;1050156.49;2013-11-29T00:00:00
5913551;531243;Hýskov;;;;;50474;Hýskov;10669;Na Krétì;è.p.;189;;;26706;770204.06;1050217.13;2013-11-29T00:00:00
5913560;531243;Hýskov;;;;;50474;Hýskov;10669;Na Krétì;è.p.;190;;;26706;770225.00;1050226.00;2013-11-29T00:00:00
5913578;531243;Hýskov;;;;;50474;Hýskov;10669;Na Krétì;è.p.;191;;;26706;770251.70;1050233.44;2022-10-14T00:00:00
5913586;531243;Hýskov;;;;;50474;Hýskov;10642;Libinská;è.p.;192;;;26706;770263.19;1049659.13;2013-11-29T00:00:00
5913594;531243;Hýskov;;;;;50474;Hýskov;10626;K Nádržce;è.p.;193;;;26706;770424.43;1050015.14;2013-11-29T00:00:00
5913608;531243;Hýskov;;;;;50474;Hýskov;10642;Libinská;è.p.;194;;;26706;770384.81;1049869.00;2013-11-29T00:00:00
5913616;531243;Hýskov;;;;;50474;Hýskov;10677;Na Vartì;è.p.;195;;;26706;770369.40;1050093.79;2013-11-29T00:00:00
5913624;531243;Hýskov;;;;;50474;Hýskov;10642;Libinská;è.p.;196;;;26706;770229.94;1049634.75;2013-11-29T00:00:00
5913632;531243;Hýskov;;;;;50474;Hýskov;10715;Nová;è.p.;197;;;26706;770421.94;1049763.00;2013-11-29T00:00:00
5913641;531243;Hýskov;;;;;50474;Hýskov;10723;Pod Skalou;è.p.;198;;;26706;770326.99;1049794.56;2022-10-14T00:00:00
5913659;531243;Hýskov;;;;;50474;Hýskov;10642;Libinská;è.p.;199;;;26706;770272.63;1049668.00;2013-11-29T00:00:00
5913667;531243;Hýskov;;;;;50474;Hýskov;10642;Libinská;è.p.;200;;;26706;770216.56;1049624.88;2013-11-29T00:00:00
5913675;531243;Hýskov;;;;;50474;Hýskov;10642;Libinská;è.p.;201;;;26706;770205.38;1049616.88;2013-11-29T00:00:00
5913683;531243;Hýskov;;;;;50474;Hýskov;10642;Libinská;è.p.;202;;;26706;770200.81;1049635.25;2013-11-29T00:00:00
5913691;531243;Hýskov;;;;;50474;Hýskov;10596;Družstevní;è.p.;203;;;26706;770891.54;1050154.05;2013-11-29T00:00:00
5913705;531243;Hýskov;;;;;50474;Hýskov;10596;Družstevní;è.p.;204;;;26706;770855.88;1050160.75;2013-11-29T00:00:00
5913713;531243;Hýskov;;;;;50474;Hýskov;10812;Zabranská;è.p.;205;;;26706;770810.94;1049926.75;2013-11-29T00:00:00
5913721;531243;Hýskov;;;;;50474;Hýskov;10651;Na Bøasích;è.p.;206;;;26706;770873.58;1050277.33;2022-10-14T00:00:00
5913730;531243;Hýskov;;;;;50474;Hýskov;10723;Pod Skalou;è.p.;207;;;26706;770305.41;1049758.66;2013-11-29T00:00:00
5913748;531243;Hýskov;;;;;50474;Hýskov;10642;Libinská;è.p.;208;;;26706;770242.88;1049648.49;2013-11-29T00:00:00
5913756;531243;Hýskov;;;;;50474;Hýskov;10812;Zabranská;è.p.;209;;;26706;770786.19;1049933.50;2013-11-29T00:00:00
5913764;531243;Hýskov;;;;;50474;Hýskov;10812;Zabranská;è.p.;210;;;26706;771644.69;1049793.38;2013-11-29T00:00:00
5913772;531243;Hýskov;;;;;50474;Hýskov;10677;Na Vartì;è.p.;211;;;26706;770366.40;1050109.88;2013-11-29T00:00:00
5913799;531243;Hýskov;;;;;50474;Hýskov;10669;Na Krétì;è.p.;212;;;26706;770396.00;1050300.63;2013-11-29T00:00:00
5913802;531243;Hýskov;;;;;50474;Hýskov;10669;Na Krétì;è.p.;213;;;26706;770432.56;1050304.38;2013-11-29T00:00:00
5913811;531243;Hýskov;;;;;50474;Hýskov;10812;Zabranská;è.p.;214;;;26706;770793.06;1049948.25;2013-11-29T00:00:00
5913829;531243;Hýskov;;;;;50474;Hýskov;10812;Zabranská;è.p.;215;;;26706;770804.00;1049947.13;2013-11-29T00:00:00
5913837;531243;Hýskov;;;;;50474;Hýskov;10766;Srázná;è.p.;216;;;26706;770811.13;1049992.64;2022-10-14T00:00:00
5913845;531243;Hýskov;;;;;50474;Hýskov;10812;Zabranská;è.p.;217;;;26706;770820.72;1049943.79;2013-11-29T00:00:00
5913853;531243;Hýskov;;;;;50474;Hýskov;10766;Srázná;è.p.;218;;;26706;770840.06;1049993.50;2013-11-29T00:00:00
5913861;531243;Hýskov;;;;;50474;Hýskov;10642;Libinská;è.p.;219;;;26706;770418.48;1049873.77;2013-11-29T00:00:00
5913870;531243;Hýskov;;;;;50474;Hýskov;10740;Soubìžná;è.p.;220;;;26706;770851.08;1050026.78;2022-10-14T00:00:00
5913888;531243;Hýskov;;;;;50474;Hýskov;10740;Soubìžná;è.p.;221;;;26706;770815.31;1050037.38;2013-11-29T00:00:00
5913896;531243;Hýskov;;;;;50474;Hýskov;10740;Soubìžná;è.p.;222;;;26706;770858.06;1050047.13;2013-11-29T00:00:00
5913900;531243;Hýskov;;;;;50474;Hýskov;10685;Nádražní;è.p.;223;;;26706;770986.24;1050197.94;2013-11-29T00:00:00
5913918;531243;Hýskov;;;;;50474;Hýskov;10740;Soubìžná;è.p.;224;;;26706;770796.31;1050046.75;2013-11-29T00:00:00
5913926;531243;Hýskov;;;;;50474;Hýskov;10715;Nová;è.p.;225;;;26706;770414.55;1049778.86;2013-11-29T00:00:00
5913934;531243;Hýskov;;;;;50474;Hýskov;10596;Družstevní;è.p.;226;;;26706;770929.57;1050141.65;2013-11-29T00:00:00
5913942;531243;Hýskov;;;;;50474;Hýskov;10740;Soubìžná;è.p.;227;;;26706;770798.22;1050074.01;2013-11-29T00:00:00
5913951;531243;Hýskov;;;;;50474;Hýskov;10740;Soubìžná;è.p.;228;;;26706;770784.04;1050074.73;2013-11-29T00:00:00
5913969;531243;Hýskov;;;;;50474;Hýskov;10766;Srázná;è.p.;229;;;26706;770873.88;1050120.50;2013-11-29T00:00:00
5913977;531243;Hýskov;;;;;50474;Hýskov;10651;Na Bøasích;è.p.;230;;;26706;771174.19;1050131.63;2013-11-29T00:00:00
5913985;531243;Hýskov;;;;;50474;Hýskov;10740;Soubìžná;è.p.;231;;;26706;770912.13;1050024.63;2013-11-29T00:00:00
5913993;531243;Hýskov;;;;;50474;Hýskov;10740;Soubìžná;è.p.;232;;;26706;770921.69;1050021.88;2013-11-29T00:00:00
5914001;531243;Hýskov;;;;;50474;Hýskov;10740;Soubìžná;è.p.;233;;;26706;770770.15;1050086.54;2013-11-29T00:00:00
5914019;531243;Hýskov;;;;;50474;Hýskov;10740;Soubìžná;è.p.;234;;;26706;770824.56;1050038.87;2013-11-29T00:00:00
5914027;531243;Hýskov;;;;;50474;Hýskov;10642;Libinská;è.p.;235;;;26706;770264.49;1049683.46;2022-10-14T00:00:00
5914035;531243;Hýskov;;;;;50474;Hýskov;10740;Soubìžná;è.p.;236;;;26706;771005.13;1049964.75;2013-11-29T00:00:00
5914043;531243;Hýskov;;;;;50474;Hýskov;10812;Zabranská;è.p.;237;;;26706;770965.91;1049926.13;2022-10-14T00:00:00
5914051;531243;Hýskov;;;;;50474;Hýskov;10600;K Lávce;è.p.;238;;;26706;771012.75;1049935.50;2013-11-29T00:00:00
5914060;531243;Hýskov;;;;;50474;Hýskov;10812;Zabranská;è.p.;239;;;26706;771112.66;1049923.04;2022-10-14T00:00:00
5914078;531243;Hýskov;;;;;50474;Hýskov;10740;Soubìžná;è.p.;240;;;26706;770875.14;1050043.04;2013-11-29T00:00:00
5914086;531243;Hýskov;;;;;50474;Hýskov;10740;Soubìžná;è.p.;241;;;26706;770957.22;1050010.45;2013-11-29T00:00:00
5914094;531243;Hýskov;;;;;50474;Hýskov;10669;Na Krétì;è.p.;242;;;26706;770143.03;1050216.16;2013-11-29T00:00:00
5914108;531243;Hýskov;;;;;50474;Hýskov;10812;Zabranská;è.p.;243;;;26706;770990.50;1049906.00;2013-11-29T00:00:00
5914116;531243;Hýskov;;;;;50474;Hýskov;10812;Zabranská;è.p.;244;;;26706;771145.52;1049908.75;2013-11-29T00:00:00
5914124;531243;Hýskov;;;;;50474;Hýskov;10812;Zabranská;è.p.;245;;;26706;771037.28;1049917.47;2013-11-29T00:00:00
5914132;531243;Hýskov;;;;;50474;Hýskov;10600;K Lávce;è.p.;246;;;26706;771014.00;1049911.25;2013-11-29T00:00:00
5914141;531243;Hýskov;;;;;50474;Hýskov;10812;Zabranská;è.p.;247;;;26706;770953.75;1049904.39;2013-11-29T00:00:00
5914159;531243;Hýskov;;;;;50474;Hýskov;10740;Soubìžná;è.p.;248;;;26706;770937.62;1050014.80;2013-11-29T00:00:00
5914167;531243;Hýskov;;;;;50474;Hýskov;10740;Soubìžná;è.p.;249;;;26706;770972.13;1049977.25;2013-11-29T00:00:00
5914175;531243;Hýskov;;;;;50474;Hýskov;10740;Soubìžná;è.p.;250;;;26706;771011.08;1049983.99;2020-12-28T00:00:00
5914183;531243;Hýskov;;;;;50474;Hýskov;10766;Srázná;è.p.;251;;;26706;770891.25;1050078.46;2022-10-14T00:00:00
5914191;531243;Hýskov;;;;;50474;Hýskov;10812;Zabranská;è.p.;252;;;26706;771042.63;1049950.50;2013-11-29T00:00:00
5914205;531243;Hýskov;;;;;50474;Hýskov;10600;K Lávce;è.p.;253;;;26706;771034.48;1050033.86;2013-11-29T00:00:00
5914213;531243;Hýskov;;;;;50474;Hýskov;10758;Spádová;è.p.;254;;;26706;770967.25;1050082.63;2013-11-29T00:00:00
5914221;531243;Hýskov;;;;;50474;Hýskov;10740;Soubìžná;è.p.;255;;;26706;770816.56;1050062.50;2013-11-29T00:00:00
5914230;531243;Hýskov;;;;;50474;Hýskov;10758;Spádová;è.p.;256;;;26706;770946.92;1049985.58;2013-11-29T00:00:00
5914248;531243;Hýskov;;;;;50474;Hýskov;10758;Spádová;è.p.;257;;;26706;770929.75;1049995.50;2013-11-29T00:00:00
5914256;531243;Hýskov;;;;;50474;Hýskov;10600;K Lávce;è.p.;258;;;26706;771028.00;1049977.00;2013-11-29T00:00:00
5914264;531243;Hýskov;;;;;50474;Hýskov;10618;K Lesíku;è.p.;259;;;26706;771047.25;1049883.88;2013-11-29T00:00:00
5914272;531243;Hýskov;;;;;50474;Hýskov;10634;Kladenská;è.p.;260;;;26706;770579.25;1049903.25;2013-11-29T00:00:00
5914281;531243;Hýskov;;;;;50474;Hýskov;10600;K Lávce;è.p.;261;;;26706;770995.81;1049941.88;2013-11-29T00:00:00
5914299;531243;Hýskov;;;;;50474;Hýskov;10626;K Nádržce;è.p.;262;;;26706;770399.75;1049926.88;2013-11-29T00:00:00
5914302;531243;Hýskov;;;;;50474;Hýskov;10642;Libinská;è.p.;263;;;26706;770380.94;1049880.15;2022-10-14T00:00:00
5914311;531243;Hýskov;;;;;50474;Hýskov;10812;Zabranská;è.p.;264;;;26706;770891.94;1049929.13;2013-11-29T00:00:00
5914329;531243;Hýskov;;;;;50474;Hýskov;10758;Spádová;è.p.;265;;;26706;770913.24;1049960.87;2013-11-29T00:00:00
5914337;531243;Hýskov;;;;;50474;Hýskov;10740;Soubìžná;è.p.;266;;;26706;771063.63;1049961.88;2013-11-29T00:00:00
5914345;531243;Hýskov;;;;;50474;Hýskov;10596;Družstevní;è.p.;267;;;26706;771110.70;1050056.65;2022-10-14T00:00:00
5914353;531243;Hýskov;;;;;50474;Hýskov;10642;Libinská;è.p.;268;;;26706;770190.81;1049630.38;2013-11-29T00:00:00
5914361;531243;Hýskov;;;;;50474;Hýskov;10766;Srázná;è.p.;269;;;26706;770903.88;1050104.88;2013-11-29T00:00:00
5914370;531243;Hýskov;;;;;50474;Hýskov;10782;Za Tratí;è.p.;270;;;26706;771127.44;1050052.10;2022-10-14T00:00:00
5914396;531243;Hýskov;;;;;50474;Hýskov;10600;K Lávce;è.p.;271;;;26706;771029.94;1050060.81;2022-10-14T00:00:00
5914400;531243;Hýskov;;;;;50474;Hýskov;10758;Spádová;è.p.;272;;;26706;770906.69;1049940.25;2013-11-29T00:00:00
5914418;531243;Hýskov;;;;;50474;Hýskov;10600;K Lávce;è.p.;273;;;26706;771013.81;1049874.75;2013-11-29T00:00:00
5914426;531243;Hýskov;;;;;50474;Hýskov;10758;Spádová;è.p.;274;;;26706;770926.78;1049940.29;2013-11-29T00:00:00
5914434;531243;Hýskov;;;;;50474;Hýskov;10740;Soubìžná;è.p.;275;;;26706;771049.62;1049968.87;2022-10-14T00:00:00
5914442;531243;Hýskov;;;;;50474;Hýskov;10677;Na Vartì;è.p.;276;;;26706;770378.50;1050074.50;2013-11-29T00:00:00
5914469;531243;Hýskov;;;;;50474;Hýskov;10618;K Lesíku;è.p.;277;;;26706;771037.40;1049868.86;2013-11-29T00:00:00
5914477;531243;Hýskov;;;;;50474;Hýskov;10740;Soubìžná;è.p.;278;;;26706;770915.57;1050004.30;2013-11-29T00:00:00
5914485;531243;Hýskov;;;;;50474;Hýskov;10758;Spádová;è.p.;279;;;26706;770935.32;1049957.08;2013-11-29T00:00:00
5914493;531243;Hýskov;;;;;50474;Hýskov;10618;K Lesíku;è.p.;280;;;26706;771025.83;1049872.28;2022-10-14T00:00:00
5914507;531243;Hýskov;;;;;50474;Hýskov;10642;Libinská;è.p.;281;;;26706;770152.50;1049602.25;2013-11-29T00:00:00
5914515;531243;Hýskov;;;;;50474;Hýskov;10642;Libinská;è.p.;282;;;26706;770115.84;1049575.93;2013-11-29T00:00:00
5914523;531243;Hýskov;;;;;50474;Hýskov;10618;K Lesíku;è.p.;283;;;26706;771048.76;1049863.10;2013-11-29T00:00:00
5914531;531243;Hýskov;;;;;50474;Hýskov;10642;Libinská;è.p.;284;;;26706;770110.75;1049559.50;2013-11-29T00:00:00
5914540;531243;Hýskov;;;;;50474;Hýskov;10782;Za Tratí;è.p.;285;;;26706;771134.69;1050004.75;2013-11-29T00:00:00
5914558;531243;Hýskov;;;;;50474;Hýskov;10782;Za Tratí;è.p.;286;;;26706;771124.19;1049987.63;2013-11-29T00:00:00
5914566;531243;Hýskov;;;;;50474;Hýskov;10812;Zabranská;è.p.;287;;;26706;770939.68;1049923.90;2013-11-29T00:00:00
5914574;531243;Hýskov;;;;;50474;Hýskov;10669;Na Krétì;è.p.;288;;;26706;770700.88;1050289.88;2013-11-29T00:00:00
5914582;531243;Hýskov;;;;;50474;Hýskov;10740;Soubìžná;è.p.;289;;;26706;771079.25;1049956.00;2013-11-29T00:00:00
5914591;531243;Hýskov;;;;;50474;Hýskov;10740;Soubìžná;è.p.;290;;;26706;770978.56;1049999.38;2013-11-29T00:00:00
5914604;531243;Hýskov;;;;;50474;Hýskov;10596;Družstevní;è.p.;291;;;26706;770939.22;1050136.42;2013-11-29T00:00:00
5914612;531243;Hýskov;;;;;50474;Hýskov;10669;Na Krétì;è.p.;292;;;26706;770687.81;1050293.88;2013-11-29T00:00:00
5914621;531243;Hýskov;;;;;50474;Hýskov;10693;Námìstí 5. kvìtna;è.p.;293;;;26706;770657.63;1049929.75;2013-11-29T00:00:00
5914639;531243;Hýskov;;;;;50474;Hýskov;10642;Libinská;è.p.;294;;;26706;770089.69;1049510.13;2013-11-29T00:00:00
5914647;531243;Hýskov;;;;;50474;Hýskov;10707;Polní;è.p.;295;;;26706;771058.45;1049725.28;2015-02-26T00:00:00
5914655;531243;Hýskov;;;;;50474;Hýskov;10740;Soubìžná;è.p.;296;;;26706;770901.41;1050030.39;2022-10-14T00:00:00
5914663;531243;Hýskov;;;;;50474;Hýskov;10693;Námìstí 5. kvìtna;è.p.;297;;;26706;770542.13;1049992.50;2013-11-29T00:00:00
5914671;531243;Hýskov;;;;;50474;Hýskov;10618;K Lesíku;è.p.;298;;;26706;771139.37;1049851.80;2022-10-14T00:00:00
5914680;531243;Hýskov;;;;;50474;Hýskov;;;è.p.;299;;;26706;769294.66;1049222.06;2022-10-14T00:00:00
5914698;531243;Hýskov;;;;;50474;Hýskov;10618;K Lesíku;è.p.;300;;;26706;771121.94;1049825.63;2013-11-29T00:00:00
5914701;531243;Hýskov;;;;;50474;Hýskov;10642;Libinská;è.p.;301;;;26706;770044.92;1049495.71;2013-11-29T00:00:00
5914710;531243;Hýskov;;;;;50474;Hýskov;10723;Pod Skalou;è.p.;302;;;26706;770283.09;1049738.61;2013-11-29T00:00:00
5914728;531243;Hýskov;;;;;50474;Hýskov;10618;K Lesíku;è.p.;303;;;26706;771090.38;1049871.13;2013-11-29T00:00:00
5914736;531243;Hýskov;;;;;50474;Hýskov;10618;K Lesíku;è.p.;304;;;26706;771135.75;1049794.13;2013-11-29T00:00:00
5914744;531243;Hýskov;;;;;50474;Hýskov;10669;Na Krétì;è.p.;305;;;26706;770637.06;1050316.75;2013-11-29T00:00:00
5914752;531243;Hýskov;;;;;50474;Hýskov;10618;K Lesíku;è.p.;306;;;26706;771061.28;1049858.17;2013-11-29T00:00:00
5914761;531243;Hýskov;;;;;50474;Hýskov;10618;K Lesíku;è.p.;307;;;26706;771071.69;1049875.25;2013-11-29T00:00:00
5914779;531243;Hýskov;;;;;50474;Hýskov;10723;Pod Skalou;è.p.;308;;;26706;770342.56;1049813.25;2013-11-29T00:00:00
5914787;531243;Hýskov;;;;;50474;Hýskov;10561;Berounská;è.p.;309;;;26706;770457.13;1050234.49;2022-10-14T00:00:00
5914795;531243;Hýskov;;;;;50474;Hýskov;10669;Na Krétì;è.p.;310;;;26706;770247.13;1050263.00;2013-11-29T00:00:00
5914809;531243;Hýskov;;;;;50474;Hýskov;10669;Na Krétì;è.p.;311;;;26706;770299.67;1050293.35;2013-11-29T00:00:00
5914817;531243;Hýskov;;;;;50474;Hýskov;10812;Zabranská;è.p.;312;;;26706;771191.25;1049880.00;2013-11-29T00:00:00
5914825;531243;Hýskov;;;;;50474;Hýskov;10561;Berounská;è.p.;313;;;26706;770590.50;1050099.17;2013-11-29T00:00:00
5914833;531243;Hýskov;;;;;50474;Hýskov;10618;K Lesíku;è.p.;314;;;26706;771102.50;1049834.25;2013-11-29T00:00:00
5914841;531243;Hýskov;;;;;50474;Hýskov;10707;Polní;è.p.;315;;;26706;771003.31;1049562.50;2013-11-29T00:00:00
5914850;531243;Hýskov;;;;;50474;Hýskov;10707;Polní;è.p.;316;;;26706;770995.46;1049537.79;2013-11-29T00:00:00
5914868;531243;Hýskov;;;;;50474;Hýskov;10707;Polní;è.p.;317;;;26706;771034.38;1049646.50;2013-11-29T00:00:00
5914876;531243;Hýskov;;;;;50474;Hýskov;10707;Polní;è.p.;318;;;26706;771048.50;1049684.00;2013-11-29T00:00:00
5914884;531243;Hýskov;;;;;50474;Hýskov;10707;Polní;è.p.;319;;;26706;771023.94;1049629.00;2013-11-29T00:00:00
5914892;531243;Hýskov;;;;;50474;Hýskov;10791;Sportovcù;è.p.;320;;;26706;770920.63;1049879.50;2013-11-29T00:00:00
5914906;531243;Hýskov;;;;;50474;Hýskov;10561;Berounská;è.p.;321;;;26706;770457.90;1050211.98;2013-11-29T00:00:00
5914914;531243;Hýskov;;;;;50474;Hýskov;10642;Libinská;è.p.;322;;;26706;770321.82;1049961.71;2013-11-29T00:00:00
5914922;531243;Hýskov;;;;;50474;Hýskov;10791;Sportovcù;è.p.;323;;;26706;771173.44;1049631.88;2013-11-29T00:00:00
5914931;531243;Hýskov;;;;;50474;Hýskov;10812;Zabranská;è.p.;324;;;26706;770890.69;1049901.38;2013-11-29T00:00:00
5914949;531243;Hýskov;;;;;50474;Hýskov;10782;Za Tratí;è.p.;325;;;26706;771114.44;1050022.88;2013-11-29T00:00:00
5914957;531243;Hýskov;;;;;50474;Hýskov;10707;Polní;è.p.;326;;;26706;771001.81;1049557.13;2013-11-29T00:00:00
5914965;531243;Hýskov;;;;;50474;Hýskov;10707;Polní;è.p.;327;;;26706;770991.88;1049528.00;2013-11-29T00:00:00
5914973;531243;Hýskov;;;;;50474;Hýskov;10693;Námìstí 5. kvìtna;è.p.;328;;;26706;770655.66;1049961.08;2022-10-14T00:00:00
5914981;531243;Hýskov;;;;;50474;Hýskov;10791;Sportovcù;è.p.;329;;;26706;771112.50;1049756.63;2013-11-29T00:00:00
5914990;531243;Hýskov;;;;;50474;Hýskov;10812;Zabranská;è.p.;330;;;26706;771429.19;1049863.50;2013-11-29T00:00:00
5915007;531243;Hýskov;;;;;50474;Hýskov;10812;Zabranská;è.p.;331;;;26706;770737.37;1049944.92;2022-10-14T00:00:00
5915015;531243;Hýskov;;;;;50474;Hýskov;10677;Na Vartì;è.p.;332;;;26706;770423.75;1050042.88;2013-11-29T00:00:00
5915023;531243;Hýskov;;;;;50474;Hýskov;10596;Družstevní;è.p.;333;;;26706;770963.81;1050108.13;2013-11-29T00:00:00
5915031;531243;Hýskov;;;;;50474;Hýskov;10782;Za Tratí;è.p.;334;;;26706;771106.38;1049952.75;2013-11-29T00:00:00
5915040;531243;Hýskov;;;;;50474;Hýskov;10634;Kladenská;è.p.;335;;;26706;770469.75;1049801.75;2013-11-29T00:00:00
5915058;531243;Hýskov;;;;;50474;Hýskov;10596;Družstevní;è.p.;336;;;26706;771003.90;1050094.33;2022-10-14T00:00:00
5915066;531243;Hýskov;;;;;50474;Hýskov;10685;Nádražní;è.p.;337;;;26706;770934.25;1050201.59;2022-10-14T00:00:00
5915074;531243;Hýskov;;;;;50474;Hýskov;10561;Berounská;è.p.;338;;;26706;770439.69;1050131.38;2013-11-29T00:00:00
5915082;531243;Hýskov;;;;;50474;Hýskov;10791;Sportovcù;è.p.;339;;;26706;770966.63;1049838.50;2013-11-29T00:00:00
5915091;531243;Hýskov;;;;;50474;Hýskov;10791;Sportovcù;è.p.;340;;;26706;771130.30;1049970.72;2013-11-29T00:00:00
5915104;531243;Hýskov;;;;;50474;Hýskov;10791;Sportovcù;è.p.;341;;;26706;771026.13;1049784.13;2013-11-29T00:00:00
5915112;531243;Hýskov;;;;;50474;Hýskov;10596;Družstevní;è.p.;342;;;26706;771209.06;1050004.00;2013-11-29T00:00:00
5915121;531243;Hýskov;;;;;50474;Hýskov;10596;Družstevní;è.p.;343;;;26706;771179.50;1049953.88;2013-11-29T00:00:00
5915139;531243;Hýskov;;;;;50474;Hýskov;10812;Zabranská;è.p.;344;;;26706;771221.38;1049869.75;2013-11-29T00:00:00
5915147;531243;Hýskov;;;;;50474;Hýskov;10618;K Lesíku;è.p.;345;;;26706;771235.56;1049817.13;2013-11-29T00:00:00
5915155;531243;Hýskov;;;;;50474;Hýskov;10618;K Lesíku;è.p.;346;;;26706;771209.88;1049827.75;2013-11-29T00:00:00
5915163;531243;Hýskov;;;;;50474;Hýskov;10561;Berounská;è.p.;347;;;26706;770407.25;1050153.25;2013-11-29T00:00:00
5915171;531243;Hýskov;;;;;50474;Hýskov;10812;Zabranská;è.p.;348;;;26706;771308.25;1049843.63;2013-11-29T00:00:00
5915180;531243;Hýskov;;;;;50474;Hýskov;10791;Sportovcù;è.p.;349;;;26706;771063.71;1049813.13;2022-10-14T00:00:00
5915198;531243;Hýskov;;;;;50474;Hýskov;10570;Budovatelská;è.p.;350;;;26706;771417.06;1049910.88;2013-11-29T00:00:00
5915201;531243;Hýskov;;;;;50474;Hýskov;10570;Budovatelská;è.p.;351;;;26706;771411.75;1049914.63;2013-11-29T00:00:00
5915210;531243;Hýskov;;;;;50474;Hýskov;10570;Budovatelská;è.p.;352;;;26706;771403.68;1049917.71;2013-11-29T00:00:00
5915228;531243;Hýskov;;;;;50474;Hýskov;10570;Budovatelská;è.p.;353;;;26706;771399.44;1049919.13;2013-11-29T00:00:00
5915236;531243;Hýskov;;;;;50474;Hýskov;10570;Budovatelská;è.p.;354;;;26706;771393.75;1049922.00;2013-11-29T00:00:00
5915244;531243;Hýskov;;;;;50474;Hýskov;10570;Budovatelská;è.p.;355;;;26706;771388.06;1049924.25;2013-11-29T00:00:00
5915252;531243;Hýskov;;;;;50474;Hýskov;10570;Budovatelská;è.p.;356;;;26706;771372.25;1049931.50;2013-11-29T00:00:00
5915261;531243;Hýskov;;;;;50474;Hýskov;10570;Budovatelská;è.p.;357;;;26706;771366.81;1049934.13;2013-11-29T00:00:00
5915279;531243;Hýskov;;;;;50474;Hýskov;10570;Budovatelská;è.p.;358;;;26706;771360.94;1049935.75;2013-11-29T00:00:00
5915287;531243;Hýskov;;;;;50474;Hýskov;10570;Budovatelská;è.p.;359;;;26706;771355.44;1049938.63;2013-11-29T00:00:00
5915295;531243;Hýskov;;;;;50474;Hýskov;10791;Sportovcù;è.p.;360;;;26706;771090.19;1049669.75;2013-11-29T00:00:00
5915309;531243;Hýskov;;;;;50474;Hýskov;10812;Zabranská;è.p.;361;;;26706;771376.50;1049828.25;2013-11-29T00:00:00
5915317;531243;Hýskov;;;;;50474;Hýskov;10812;Zabranská;è.p.;362;;;26706;771343.50;1049835.88;2013-11-29T00:00:00
5915325;531243;Hýskov;;;;;50474;Hýskov;10618;K Lesíku;è.p.;363;;;26706;771391.50;1049787.13;2013-11-29T00:00:00
5915333;531243;Hýskov;;;;;50474;Hýskov;10618;K Lesíku;è.p.;364;;;26706;771280.13;1049815.00;2013-11-29T00:00:00
5915341;531243;Hýskov;;;;;50474;Hýskov;10634;Kladenská;è.p.;365;;;26706;770491.20;1049766.62;2013-11-29T00:00:00
5915350;531243;Hýskov;;;;;50474;Hýskov;10812;Zabranská;è.p.;366;;;26706;770771.63;1049965.50;2013-11-29T00:00:00
5915376;531243;Hýskov;;;;;50474;Hýskov;10693;Námìstí 5. kvìtna;è.p.;367;;;26706;770557.31;1050047.22;2013-11-29T00:00:00
5915384;531243;Hýskov;;;;;50474;Hýskov;10812;Zabranská;è.p.;368;;;26706;771246.57;1049860.99;2022-10-14T00:00:00
5915392;531243;Hýskov;;;;;50474;Hýskov;10812;Zabranská;è.p.;369;;;26706;771252.56;1049854.75;2013-11-29T00:00:00
5915406;531243;Hýskov;;;;;50474;Hýskov;10596;Družstevní;è.p.;370;;;26706;771274.66;1049905.59;2022-10-14T00:00:00
5915414;531243;Hýskov;;;;;50474;Hýskov;10596;Družstevní;è.p.;371;;;26706;771269.02;1049908.08;2022-10-14T00:00:00
5915422;531243;Hýskov;;;;;50474;Hýskov;10596;Družstevní;è.p.;372;;;26706;771263.05;1049910.56;2022-10-14T00:00:00
5915431;531243;Hýskov;;;;;50474;Hýskov;10596;Družstevní;è.p.;373;;;26706;771256.58;1049912.89;2022-10-14T00:00:00
5915449;531243;Hýskov;;;;;50474;Hýskov;10596;Družstevní;è.p.;374;;;26706;771251.44;1049916.29;2022-10-14T00:00:00
5915457;531243;Hýskov;;;;;50474;Hýskov;10596;Družstevní;è.p.;375;;;26706;771245.96;1049918.86;2022-10-14T00:00:00
5915465;531243;Hýskov;;;;;50474;Hýskov;10570;Budovatelská;è.p.;376;;;26706;771299.82;1049962.37;2022-10-14T00:00:00
5915473;531243;Hýskov;;;;;50474;Hýskov;10570;Budovatelská;è.p.;377;;;26706;771293.97;1049964.60;2022-10-14T00:00:00
5915481;531243;Hýskov;;;;;50474;Hýskov;10570;Budovatelská;è.p.;378;;;26706;771287.75;1049966.35;2022-10-14T00:00:00
5915490;531243;Hýskov;;;;;50474;Hýskov;10570;Budovatelská;è.p.;379;;;26706;771282.50;1049968.89;2022-10-14T00:00:00
5915503;531243;Hýskov;;;;;50474;Hýskov;10570;Budovatelská;è.p.;380;;;26706;771276.05;1049970.94;2022-10-14T00:00:00
5915511;531243;Hýskov;;;;;50474;Hýskov;10570;Budovatelská;è.p.;381;;;26706;771270.01;1049973.48;2022-10-14T00:00:00
5915520;531243;Hýskov;;;;;50474;Hýskov;10618;K Lesíku;è.p.;382;;;26706;771326.13;1049807.13;2013-11-29T00:00:00
5915538;531243;Hýskov;;;;;50474;Hýskov;10707;Polní;è.p.;383;;;26706;771047.00;1049756.13;2013-11-29T00:00:00
5915546;531243;Hýskov;;;;;50474;Hýskov;10812;Zabranská;è.p.;384;;;26706;771410.94;1049820.13;2013-11-29T00:00:00
5915554;531243;Hýskov;;;;;50474;Hýskov;10561;Berounská;è.p.;385;;;26706;770388.19;1050147.38;2013-11-29T00:00:00
5915562;531243;Hýskov;;;;;50474;Hýskov;10774;Školní;è.p.;386;;;26706;770666.67;1050122.76;2013-11-29T00:00:00
5915571;531243;Hýskov;;;;;50474;Hýskov;10774;Školní;è.p.;387;;;26706;770664.51;1050135.01;2013-11-29T00:00:00
5915589;531243;Hýskov;;;;;50474;Hýskov;10774;Školní;è.p.;388;;;26706;770661.87;1050145.10;2013-11-29T00:00:00
5915597;531243;Hýskov;;;;;50474;Hýskov;10812;Zabranská;è.p.;389;;;26706;771454.88;1049857.00;2013-11-29T00:00:00
5915601;531243;Hýskov;;;;;50474;Hýskov;10812;Zabranská;è.p.;390;;;26706;771461.56;1049855.00;2013-11-29T00:00:00
5915619;531243;Hýskov;;;;;50474;Hýskov;10812;Zabranská;è.p.;391;;;26706;771469.50;1049853.13;2013-11-29T00:00:00
5915627;531243;Hýskov;;;;;50474;Hýskov;10812;Zabranská;è.p.;392;;;26706;771476.31;1049851.13;2013-11-29T00:00:00
5915635;531243;Hýskov;;;;;50474;Hýskov;10812;Zabranská;è.p.;393;;;26706;771484.50;1049850.50;2013-11-29T00:00:00
5915643;531243;Hýskov;;;;;50474;Hýskov;10812;Zabranská;è.p.;394;;;26706;771491.75;1049847.50;2013-11-29T00:00:00
5915651;531243;Hýskov;;;;;50474;Hýskov;10812;Zabranská;è.p.;395;;;26706;771511.19;1049836.50;2013-11-29T00:00:00
5915660;531243;Hýskov;;;;;50474;Hýskov;10812;Zabranská;è.p.;396;;;26706;771518.88;1049834.88;2013-11-29T00:00:00
5915678;531243;Hýskov;;;;;50474;Hýskov;10812;Zabranská;è.p.;397;;;26706;771526.19;1049832.63;2013-11-29T00:00:00
5915686;531243;Hýskov;;;;;50474;Hýskov;10812;Zabranská;è.p.;398;;;26706;771532.69;1049830.63;2013-11-29T00:00:00
5915694;531243;Hýskov;;;;;50474;Hýskov;10812;Zabranská;è.p.;399;;;26706;771473.13;1049802.13;2013-11-29T00:00:00
5915708;531243;Hýskov;;;;;50474;Hýskov;10812;Zabranská;è.p.;400;;;26706;771454.31;1049808.50;2013-11-29T00:00:00
5915716;531243;Hýskov;;;;;50474;Hýskov;10766;Srázná;è.p.;401;;;26706;770788.00;1050135.88;2013-11-29T00:00:00
5915724;531243;Hýskov;;;;;50474;Hýskov;10618;K Lesíku;è.p.;402;;;26706;771350.63;1049798.88;2013-11-29T00:00:00
5915732;531243;Hýskov;;;;;50474;Hýskov;10561;Berounská;è.p.;403;;;26706;770366.31;1050132.38;2013-11-29T00:00:00
5915741;531243;Hýskov;;;;;50474;Hýskov;10812;Zabranská;è.p.;404;;;26706;771361.56;1049872.38;2013-11-29T00:00:00
5915759;531243;Hýskov;;;;;50474;Hýskov;10570;Budovatelská;è.p.;405;;;26706;771371.06;1049894.25;2013-11-29T00:00:00
5915767;531243;Hýskov;;;;;50474;Hýskov;10642;Libinská;è.p.;406;;;26706;770131.38;1049526.50;2013-11-29T00:00:00
5915775;531243;Hýskov;;;;;50474;Hýskov;10651;Na Bøasích;è.p.;407;;;26706;770886.94;1050352.63;2013-11-29T00:00:00
5915783;531243;Hýskov;;;;;50474;Hýskov;10669;Na Krétì;è.p.;408;;;26706;770205.81;1050251.88;2013-11-29T00:00:00
5915791;531243;Hýskov;;;;;50474;Hýskov;10669;Na Krétì;è.p.;409;;;26706;770774.06;1050302.75;2013-11-29T00:00:00
5915805;531243;Hýskov;;;;;50474;Hýskov;10669;Na Krétì;è.p.;410;;;26706;770737.25;1050288.00;2013-11-29T00:00:00
5915813;531243;Hýskov;;;;;50474;Hýskov;10669;Na Krétì;è.p.;411;;;26706;770766.06;1050271.63;2013-11-29T00:00:00
5915821;531243;Hýskov;;;;;50474;Hýskov;10669;Na Krétì;è.p.;412;;;26706;770757.33;1050274.91;2013-11-29T00:00:00
5915830;531243;Hýskov;;;;;50474;Hýskov;10588;Dìlnická;è.p.;413;;;26706;770757.44;1050221.13;2013-11-29T00:00:00
5915848;531243;Hýskov;;;;;50474;Hýskov;10588;Dìlnická;è.p.;414;;;26706;770791.13;1050251.00;2013-11-29T00:00:00
5915856;531243;Hýskov;;;;;50474;Hýskov;10588;Dìlnická;è.p.;415;;;26706;770789.20;1050240.01;2013-11-29T00:00:00
5915872;531243;Hýskov;;;;;50474;Hýskov;10651;Na Bøasích;è.p.;417;;;26706;770634.06;1050471.51;2015-09-22T00:00:00
5915881;531243;Hýskov;;;;;50474;Hýskov;10588;Dìlnická;è.p.;418;;;26706;770728.59;1050270.20;2022-10-14T00:00:00
5915899;531243;Hýskov;;;;;50474;Hýskov;10693;Námìstí 5. kvìtna;è.p.;419;;;26706;770701.29;1049873.04;2022-10-14T00:00:00
5915902;531243;Hýskov;;;;;50474;Hýskov;;;è.p.;420;;;26706;772016.00;1048462.13;2013-11-29T00:00:00
5915911;531243;Hýskov;;;;;50474;Hýskov;10618;K Lesíku;è.p.;421;;;26706;771370.44;1049794.00;2013-11-29T00:00:00
5915929;531243;Hýskov;;;;;50474;Hýskov;10561;Berounská;è.p.;422;;;26706;770336.00;1050170.00;2013-11-29T00:00:00
5915937;531243;Hýskov;;;;;50474;Hýskov;10600;K Lávce;è.p.;423;;;26706;771063.44;1050032.00;2013-11-29T00:00:00
5915945;531243;Hýskov;;;;;50474;Hýskov;10561;Berounská;è.p.;424;;;26706;770305.00;1050166.00;2013-11-29T00:00:00
5915953;531243;Hýskov;;;;;50474;Hýskov;10812;Zabranská;è.p.;425;;;26706;771471.31;1049890.63;2013-11-29T00:00:00
5915961;531243;Hýskov;;;;;50474;Hýskov;10812;Zabranská;è.p.;426;;;26706;771477.81;1049887.75;2013-11-29T00:00:00
5915970;531243;Hýskov;;;;;50474;Hýskov;10812;Zabranská;è.p.;427;;;26706;771484.04;1049886.79;2022-10-14T00:00:00
5915988;531243;Hýskov;;;;;50474;Hýskov;10812;Zabranská;è.p.;428;;;26706;771493.00;1049884.50;2013-11-29T00:00:00
5915996;531243;Hýskov;;;;;50474;Hýskov;10812;Zabranská;è.p.;429;;;26706;771499.88;1049883.25;2013-11-29T00:00:00
5916003;531243;Hýskov;;;;;50474;Hýskov;10812;Zabranská;è.p.;430;;;26706;771508.19;1049881.88;2013-11-29T00:00:00
5916011;531243;Hýskov;;;;;50474;Hýskov;10812;Zabranská;è.p.;431;;;26706;771525.81;1049871.00;2013-11-29T00:00:00
5916020;531243;Hýskov;;;;;50474;Hýskov;10812;Zabranská;è.p.;432;;;26706;771534.50;1049867.25;2013-11-29T00:00:00
5916038;531243;Hýskov;;;;;50474;Hýskov;10812;Zabranská;è.p.;433;;;26706;771541.56;1049866.50;2013-11-29T00:00:00
5916046;531243;Hýskov;;;;;50474;Hýskov;10812;Zabranská;è.p.;434;;;26706;771548.88;1049864.25;2013-11-29T00:00:00
5916054;531243;Hýskov;;;;;50474;Hýskov;10618;K Lesíku;è.p.;435;;;26706;771302.38;1049810.75;2013-11-29T00:00:00
5916062;531243;Hýskov;;;;;50474;Hýskov;10561;Berounská;è.p.;436;;;26706;770293.06;1050135.38;2013-11-29T00:00:00
5916071;531243;Hýskov;;;;;50474;Hýskov;10812;Zabranská;è.p.;437;;;26706;770726.31;1049994.76;2022-10-14T00:00:00
5916089;531243;Hýskov;;;;;50474;Hýskov;10812;Zabranská;è.p.;438;;;26706;771492.56;1049796.38;2013-11-29T00:00:00
5916097;531243;Hýskov;;;;;50474;Hýskov;10596;Družstevní;è.p.;439;;;26706;771068.31;1050062.38;2013-11-29T00:00:00
5916101;531243;Hýskov;;;;;50474;Hýskov;10570;Budovatelská;è.p.;440;;;26706;771399.75;1049866.75;2013-11-29T00:00:00
5916119;531243;Hýskov;;;;;50474;Hýskov;10642;Libinská;è.p.;441;;;26706;770224.46;1049666.75;2013-11-29T00:00:00
5916127;531243;Hýskov;;;;;50474;Hýskov;10669;Na Krétì;è.p.;442;;;26706;770228.63;1050256.63;2013-11-29T00:00:00
5916135;531243;Hýskov;;;;;50474;Hýskov;10812;Zabranská;è.p.;443;;;26706;771436.25;1049813.88;2013-11-29T00:00:00
5916143;531243;Hýskov;;;;;50474;Hýskov;10731;Prostøední;è.p.;444;;;26706;770459.52;1049972.00;2013-11-29T00:00:00
5916151;531243;Hýskov;;;;;50474;Hýskov;10561;Berounská;è.p.;445;;;26706;770434.81;1050242.75;2013-11-29T00:00:00
5916160;531243;Hýskov;;;;;50474;Hýskov;10642;Libinská;è.p.;446;;;26706;770063.91;1049444.56;2022-10-14T00:00:00
5916178;531243;Hýskov;;;;;50474;Hýskov;10693;Námìstí 5. kvìtna;è.p.;447;;;26706;770587.08;1049963.57;2013-11-29T00:00:00
5916186;531243;Hýskov;;;;;50474;Hýskov;10766;Srázná;è.p.;448;;;26706;770778.62;1050152.10;2013-11-29T00:00:00
5916194;531243;Hýskov;;;;;50474;Hýskov;10766;Srázná;è.p.;449;;;26706;770854.56;1050122.38;2013-11-29T00:00:00
5916208;531243;Hýskov;;;;;50474;Hýskov;10570;Budovatelská;è.p.;450;;;26706;771320.00;1049948.13;2013-11-29T00:00:00
5916216;531243;Hýskov;;;;;50474;Hýskov;780782;Okružní;è.p.;451;;;26706;771627.17;1049671.05;2022-10-14T00:00:00
5916224;531243;Hýskov;;;;;50474;Hýskov;10642;Libinská;è.p.;452;;;26706;770040.75;1049418.63;2013-11-29T00:00:00
5916232;531243;Hýskov;;;;;50474;Hýskov;10642;Libinská;è.p.;453;;;26706;770036.54;1049467.12;2022-10-14T00:00:00
5916241;531243;Hýskov;;;;;50474;Hýskov;780782;Okružní;è.p.;454;;;26706;771523.58;1049664.74;2022-10-14T00:00:00
5916259;531243;Hýskov;;;;;50474;Hýskov;10774;Školní;è.p.;455;;;26706;770689.30;1050178.17;2013-11-29T00:00:00
5916275;531243;Hýskov;;;;;50474;Hýskov;780782;Okružní;è.p.;457;;;26706;771568.20;1049673.39;2014-09-11T00:00:00
5916291;531243;Hýskov;;;;;50474;Hýskov;10766;Srázná;è.p.;459;;;26706;770806.19;1050142.27;2013-11-29T00:00:00
5916305;531243;Hýskov;;;;;50474;Hýskov;10758;Spádová;è.p.;460;;;26706;770978.09;1050036.24;2022-10-14T00:00:00
5916313;531243;Hýskov;;;;;50474;Hýskov;780782;Okružní;è.p.;461;;;26706;771616.25;1049700.63;2016-02-11T00:00:00
5916321;531243;Hýskov;;;;;50474;Hýskov;;;è.p.;462;;;26706;768845.58;1049273.58;2013-11-29T00:00:00
5916330;531243;Hýskov;;;;;50474;Hýskov;10634;Kladenská;è.p.;463;;;26706;770546.65;1049792.26;2022-10-14T00:00:00
5916348;531243;Hýskov;;;;;50474;Hýskov;10693;Námìstí 5. kvìtna;è.p.;464;;;26706;770504.25;1050024.00;2013-11-29T00:00:00
5916356;531243;Hýskov;;;;;50474;Hýskov;10642;Libinská;è.p.;465;;;26706;770252.96;1049707.51;2013-11-29T00:00:00
5916364;531243;Hýskov;;;;;50474;Hýskov;10561;Berounská;è.p.;466;;;26706;770490.19;1050201.49;2013-11-29T00:00:00
5916372;531243;Hýskov;;;;;50474;Hýskov;10774;Školní;è.p.;467;;;26706;770707.61;1050173.31;2013-11-29T00:00:00
5916381;531243;Hýskov;;;;;50474;Hýskov;10642;Libinská;è.p.;468;;;26706;770207.81;1049657.13;2013-11-29T00:00:00
5916399;531243;Hýskov;;;;;50474;Hýskov;705926;Za Høištìm;è.p.;469;;;26706;771266.44;1049773.38;2013-11-29T00:00:00
5916402;531243;Hýskov;;;;;50474;Hýskov;705926;Za Høištìm;è.p.;470;;;26706;771252.38;1049734.88;2013-11-29T00:00:00
5916411;531243;Hýskov;;;;;50474;Hýskov;10596;Družstevní;è.p.;471;;;26706;771087.60;1050066.10;2022-10-14T00:00:00
5916429;531243;Hýskov;;;;;50474;Hýskov;10731;Prostøední;è.p.;472;;;26706;770529.75;1049959.00;2013-11-29T00:00:00
5916437;531243;Hýskov;;;;;50474;Hýskov;10642;Libinská;è.p.;480;;;26706;770107.31;1049496.00;2013-11-29T00:00:00
5916445;531243;Hýskov;;;;;50474;Hýskov;780782;Okružní;è.p.;490;;;26706;771679.13;1049677.63;2016-11-07T00:00:00
5916461;531243;Hýskov;;;;;50474;Hýskov;10782;Za Tratí;è.ev.;2;;;26706;771159.82;1050025.82;2022-10-14T00:00:00
5916488;531243;Hýskov;;;;;50474;Hýskov;10782;Za Tratí;è.ev.;4;;;26706;771081.88;1050006.63;2013-11-29T00:00:00
5916496;531243;Hýskov;;;;;50474;Hýskov;2142473;Za Høbitovem;è.ev.;5;;;26706;771406.75;1049602.50;2017-12-11T00:00:00
5916500;531243;Hýskov;;;;;50474;Hýskov;2142473;Za Høbitovem;è.ev.;6;;;26706;771442.44;1049653.50;2017-12-11T00:00:00
5916518;531243;Hýskov;;;;;50474;Hýskov;3025811;Pod Tenisem;è.ev.;7;;;26706;771453.56;1049704.00;2022-06-22T00:00:00
5916526;531243;Hýskov;;;;;50474;Hýskov;2142473;Za Høbitovem;è.ev.;8;;;26706;771455.31;1049675.13;2017-12-11T00:00:00
5916534;531243;Hýskov;;;;;50474;Hýskov;2142473;Za Høbitovem;è.ev.;9;;;26706;771415.50;1049628.25;2017-12-11T00:00:00
5916542;531243;Hýskov;;;;;50474;Hýskov;;;è.ev.;10;;;26706;771385.90;1049671.45;2022-10-14T00:00:00
5916551;531243;Hýskov;;;;;50474;Hýskov;10758;Spádová;è.ev.;11;;;26706;770985.79;1050067.32;2022-10-14T00:00:00
5916577;531243;Hýskov;;;;;50474;Hýskov;;;è.ev.;13;;;26706;769463.92;1048586.91;2013-11-29T00:00:00
5916593;531243;Hýskov;;;;;50474;Hýskov;;;è.ev.;16;;;26706;771530.50;1050312.85;2013-11-29T00:00:00
5916607;531243;Hýskov;;;;;50474;Hýskov;;;è.ev.;17;;;26706;771522.10;1050300.37;2013-11-29T00:00:00
5916615;531243;Hýskov;;;;;50474;Hýskov;;;è.ev.;18;;;26706;771516.10;1050288.36;2013-11-29T00:00:00
5916623;531243;Hýskov;;;;;50474;Hýskov;;;è.ev.;19;;;26706;771474.10;1050301.09;2013-11-29T00:00:00
5916631;531243;Hýskov;;;;;50474;Hýskov;;;è.ev.;20;;;26706;771490.98;1050315.39;2022-10-14T00:00:00
5916640;531243;Hýskov;;;;;50474;Hýskov;;;è.ev.;21;;;26706;771502.30;1050324.39;2013-11-29T00:00:00
5916658;531243;Hýskov;;;;;50474;Hýskov;3025811;Pod Tenisem;è.ev.;22;;;26706;771393.00;1049712.16;2022-06-22T00:00:00
5916666;531243;Hýskov;;;;;50474;Hýskov;3025811;Pod Tenisem;è.ev.;23;;;26706;771412.04;1049707.82;2022-10-14T00:00:00
5916674;531243;Hýskov;;;;;50474;Hýskov;2142473;Za Høbitovem;è.ev.;24;;;26706;771502.13;1049713.50;2017-12-11T00:00:00
5916682;531243;Hýskov;;;;;50474;Hýskov;3025811;Pod Tenisem;è.ev.;25;;;26706;771423.75;1049728.00;2022-06-22T00:00:00
5916691;531243;Hýskov;;;;;50474;Hýskov;2142473;Za Høbitovem;è.ev.;26;;;26706;771484.41;1049690.47;2022-10-14T00:00:00
5916704;531243;Hýskov;;;;;50474;Hýskov;3025811;Pod Tenisem;è.ev.;27;;;26706;771470.23;1049700.17;2022-10-14T00:00:00
5916712;531243;Hýskov;;;;;50474;Hýskov;3025811;Pod Tenisem;è.ev.;28;;;26706;771445.61;1049727.77;2022-10-14T00:00:00
5916721;531243;Hýskov;;;;;50474;Hýskov;2142473;Za Høbitovem;è.ev.;29;;;26706;771401.13;1049581.13;2017-12-11T00:00:00
5916739;531243;Hýskov;;;;;50474;Hýskov;10618;K Lesíku;è.ev.;30;;;26706;771417.06;1049778.63;2020-10-14T00:00:00
5916747;531243;Hýskov;;;;;50474;Hýskov;;;è.ev.;31;;;26706;771432.13;1049774.38;2013-11-29T00:00:00
5916755;531243;Hýskov;;;;;50474;Hýskov;;;è.ev.;32;;;26706;771449.00;1049771.00;2013-11-29T00:00:00
5916771;531243;Hýskov;;;;;50474;Hýskov;;;è.ev.;34;;;26706;771481.88;1049771.13;2013-11-29T00:00:00
5916780;531243;Hýskov;;;;;50474;Hýskov;10618;K Lesíku;è.ev.;35;;;26706;771496.36;1049756.25;2022-10-14T00:00:00
5916798;531243;Hýskov;;;;;50474;Hýskov;10618;K Lesíku;è.p.;602;;;26706;771501.02;1049767.18;2015-09-22T00:00:00
5916801;531243;Hýskov;;;;;50474;Hýskov;2142473;Za Høbitovem;è.ev.;37;;;26706;771525.58;1049759.91;2017-12-11T00:00:00
5916810;531243;Hýskov;;;;;50474;Hýskov;;;è.ev.;38;;;26706;771522.25;1049748.63;2013-11-29T00:00:00
5916828;531243;Hýskov;;;;;50474;Hýskov;10618;K Lesíku;è.ev.;39;;;26706;771500.89;1049735.10;2013-11-29T00:00:00
5916836;531243;Hýskov;;;;;50474;Hýskov;;;è.ev.;40;;;26706;771484.44;1049738.75;2013-11-29T00:00:00
5916844;531243;Hýskov;;;;;50474;Hýskov;10618;K Lesíku;è.ev.;41;;;26706;771468.85;1049745.06;2013-11-29T00:00:00
5916852;531243;Hýskov;;;;;50474;Hýskov;;;è.ev.;42;;;26706;771446.81;1049746.50;2013-11-29T00:00:00
5916861;531243;Hýskov;;;;;50474;Hýskov;;;è.ev.;43;;;26706;771428.56;1049749.38;2013-11-29T00:00:00
5916879;531243;Hýskov;;;;;50474;Hýskov;;;è.ev.;44;;;26706;771406.50;1049752.25;2013-11-29T00:00:00
5916887;531243;Hýskov;;;;;50474;Hýskov;3025811;Pod Tenisem;è.ev.;45;;;26706;771396.45;1049740.57;2022-06-22T00:00:00
5916895;531243;Hýskov;;;;;50474;Hýskov;3025811;Pod Tenisem;è.ev.;47;;;26706;771474.94;1049716.38;2022-06-22T00:00:00
5916909;531243;Hýskov;;;;;50474;Hýskov;;;è.ev.;49;;;26706;771396.65;1049697.06;2022-10-14T00:00:00
5916917;531243;Hýskov;;;;;50474;Hýskov;10804;V Lípì;è.ev.;50;;;26706;770220.69;1049727.43;2016-12-07T00:00:00
5916925;531243;Hýskov;;;;;50474;Hýskov;;;è.ev.;51;;;26706;770034.68;1049548.51;2022-10-14T00:00:00
5916933;531243;Hýskov;;;;;50474;Hýskov;;;è.ev.;52;;;26706;769986.56;1049514.92;2022-10-14T00:00:00
5916941;531243;Hýskov;;;;;50474;Hýskov;;;è.ev.;53;;;26706;769954.10;1049536.16;2022-10-14T00:00:00
5916950;531243;Hýskov;;;;;50474;Hýskov;;;è.ev.;54;;;26706;771471.22;1050363.72;2013-11-29T00:00:00
5916968;531243;Hýskov;;;;;50474;Hýskov;;;è.p.;604;;;26706;771464.02;1050348.12;2013-11-29T00:00:00
5916976;531243;Hýskov;;;;;50474;Hýskov;;;è.ev.;56;;;26706;771448.05;1050314.54;2013-11-29T00:00:00
5916992;531243;Hýskov;;;;;50474;Hýskov;;;è.ev.;59;;;26706;770170.00;1049675.00;2013-11-29T00:00:00
5917000;531243;Hýskov;;;;;50474;Hýskov;;;è.ev.;60;;;26706;769658.49;1049403.72;2013-11-29T00:00:00
5917018;531243;Hýskov;;;;;50474;Hýskov;;;è.ev.;61;;;26706;770200.93;1049707.70;2013-11-29T00:00:00
5917026;531243;Hýskov;;;;;50474;Hýskov;;;è.ev.;62;;;26706;769946.12;1049453.73;2022-10-14T00:00:00
5917034;531243;Hýskov;;;;;50474;Hýskov;;;è.ev.;63;;;26706;769646.89;1049485.15;2013-11-29T00:00:00
5917042;531243;Hýskov;;;;;50474;Hýskov;;;è.ev.;64;;;26706;769592.69;1049429.63;2013-11-29T00:00:00
5917051;531243;Hýskov;;;;;50474;Hýskov;;;è.ev.;65;;;26706;769614.98;1049476.98;2022-10-14T00:00:00
5917069;531243;Hýskov;;;;;50474;Hýskov;;;è.ev.;66;;;26706;769628.59;1049483.92;2013-11-29T00:00:00
5917077;531243;Hýskov;;;;;50474;Hýskov;;;è.ev.;67;;;26706;769456.88;1049391.38;2013-11-29T00:00:00
5917085;531243;Hýskov;;;;;50474;Hýskov;;;è.ev.;68;;;26706;769869.74;1049521.95;2022-10-14T00:00:00
5917093;531243;Hýskov;;;;;50474;Hýskov;;;è.ev.;69;;;26706;769858.49;1049442.39;2022-10-14T00:00:00
5917107;531243;Hýskov;;;;;50474;Hýskov;;;è.ev.;70;;;26706;769531.00;1049448.38;2013-11-29T00:00:00
5917115;531243;Hýskov;;;;;50474;Hýskov;;;è.ev.;71;;;26706;769472.56;1049462.88;2013-11-29T00:00:00
5917123;531243;Hýskov;;;;;50474;Hýskov;;;è.ev.;72;;;26706;769806.33;1049504.74;2022-10-14T00:00:00
5917131;531243;Hýskov;;;;;50474;Hýskov;;;è.ev.;73;;;26706;769665.42;1049381.70;2022-10-14T00:00:00
5917140;531243;Hýskov;;;;;50474;Hýskov;;;è.ev.;74;;;26706;769700.14;1049382.13;2022-10-14T00:00:00
5917158;531243;Hýskov;;;;;50474;Hýskov;;;è.ev.;75;;;26706;769664.00;1049475.25;2013-11-29T00:00:00
5917166;531243;Hýskov;;;;;50474;Hýskov;;;è.ev.;76;;;26706;769487.11;1049467.67;2022-10-14T00:00:00
5917174;531243;Hýskov;;;;;50474;Hýskov;;;è.ev.;77;;;26706;769714.51;1049437.63;2022-10-14T00:00:00
5917182;531243;Hýskov;;;;;50474;Hýskov;;;è.ev.;78;;;26706;769637.81;1049453.25;2013-11-29T00:00:00
5917191;531243;Hýskov;;;;;50474;Hýskov;;;è.ev.;79;;;26706;769577.28;1049426.79;2022-10-14T00:00:00
5917204;531243;Hýskov;;;;;50474;Hýskov;;;è.ev.;80;;;26706;769558.20;1049425.96;2013-11-29T00:00:00
5917212;531243;Hýskov;;;;;50474;Hýskov;;;è.ev.;81;;;26706;769689.61;1049455.51;2022-10-14T00:00:00
5917221;531243;Hýskov;;;;;50474;Hýskov;;;è.ev.;82;;;26706;769595.50;1049450.00;2013-11-29T00:00:00
5917239;531243;Hýskov;;;;;50474;Hýskov;;;è.ev.;83;;;26706;769731.74;1049438.91;2022-10-14T00:00:00
5917247;531243;Hýskov;;;;;50474;Hýskov;;;è.ev.;84;;;26706;769638.00;1049430.63;2013-11-29T00:00:00
5917255;531243;Hýskov;;;;;50474;Hýskov;10715;Nová;è.ev.;85;;;26706;769786.94;1049453.25;2013-11-29T00:00:00
5917271;531243;Hýskov;;;;;50474;Hýskov;;;è.ev.;86;;;26706;769900.46;1049490.43;2022-10-14T00:00:00
5917280;531243;Hýskov;;;;;50474;Hýskov;;;è.ev.;87;;;26706;769472.39;1049438.90;2022-10-14T00:00:00
5917298;531243;Hýskov;;;;;50474;Hýskov;;;è.ev.;88;;;26706;769439.56;1049441.13;2013-11-29T00:00:00
5917301;531243;Hýskov;;;;;50474;Hýskov;;;è.ev.;89;;;26706;769839.02;1049436.13;2022-10-14T00:00:00
5917310;531243;Hýskov;;;;;50474;Hýskov;;;è.ev.;90;;;26706;769669.88;1049453.88;2013-11-29T00:00:00
5917328;531243;Hýskov;;;;;50474;Hýskov;;;è.ev.;91;;;26706;769739.94;1049412.54;2022-10-14T00:00:00
5917336;531243;Hýskov;;;;;50474;Hýskov;;;è.ev.;92;;;26706;769618.06;1049431.25;2013-11-29T00:00:00
5917344;531243;Hýskov;;;;;50474;Hýskov;;;è.ev.;93;;;26706;769748.33;1049461.59;2022-10-14T00:00:00
5917352;531243;Hýskov;;;;;50474;Hýskov;;;è.ev.;94;;;26706;769673.69;1049435.25;2013-11-29T00:00:00
5917361;531243;Hýskov;;;;;50474;Hýskov;;;è.ev.;95;;;26706;769685.25;1049404.29;2022-10-14T00:00:00
5917379;531243;Hýskov;;;;;50474;Hýskov;;;è.ev.;96;;;26706;769685.06;1049385.73;2022-10-14T00:00:00
5917387;531243;Hýskov;;;;;50474;Hýskov;;;è.ev.;97;;;26706;769655.27;1049455.24;2022-10-14T00:00:00
5917395;531243;Hýskov;;;;;50474;Hýskov;;;è.ev.;98;;;26706;769686.17;1049482.43;2022-10-14T00:00:00
5917409;531243;Hýskov;;;;;50474;Hýskov;;;è.ev.;99;;;26706;769741.81;1049488.07;2022-10-14T00:00:00
5917417;531243;Hýskov;;;;;50474;Hýskov;;;è.ev.;101;;;26706;769506.63;1049476.25;2013-11-29T00:00:00
5917425;531243;Hýskov;;;;;50474;Hýskov;;;è.ev.;102;;;26706;769461.82;1049438.36;2022-10-14T00:00:00
5917433;531243;Hýskov;;;;;50474;Hýskov;;;è.ev.;103;;;26706;769497.19;1049445.13;2013-11-29T00:00:00
5917441;531243;Hýskov;;;;;50474;Hýskov;;;è.ev.;104;;;26706;769871.27;1049424.36;2022-10-14T00:00:00
5917450;531243;Hýskov;;;;;50474;Hýskov;;;è.ev.;105;;;26706;769774.31;1049414.88;2013-11-29T00:00:00
5917468;531243;Hýskov;;;;;50474;Hýskov;;;è.ev.;106;;;26706;769711.22;1049456.39;2022-10-14T00:00:00
5917476;531243;Hýskov;;;;;50474;Hýskov;;;è.ev.;107;;;26706;769425.32;1049365.13;2022-10-14T00:00:00
5917484;531243;Hýskov;;;;;50474;Hýskov;;;è.ev.;108;;;26706;769866.16;1049479.46;2022-10-14T00:00:00
5917492;531243;Hýskov;;;;;50474;Hýskov;;;è.ev.;109;;;26706;769772.20;1049470.10;2022-10-14T00:00:00
5917506;531243;Hýskov;;;;;50474;Hýskov;;;è.ev.;110;;;26706;769835.13;1049510.31;2022-10-14T00:00:00
5917514;531243;Hýskov;;;;;50474;Hýskov;;;è.ev.;111;;;26706;769576.30;1049449.68;2022-10-14T00:00:00
5917522;531243;Hýskov;;;;;50474;Hýskov;;;è.ev.;112;;;26706;769652.75;1049434.13;2013-11-29T00:00:00
5917531;531243;Hýskov;;;;;50474;Hýskov;;;è.ev.;113;;;26706;769796.38;1049402.90;2022-10-14T00:00:00
5917549;531243;Hýskov;;;;;50474;Hýskov;;;è.ev.;114;;;26706;769970.16;1049483.92;2022-10-14T00:00:00
5917557;531243;Hýskov;;;;;50474;Hýskov;;;è.ev.;115;;;26706;769376.53;1049408.57;2022-10-14T00:00:00
5917565;531243;Hýskov;;;;;50474;Hýskov;;;è.ev.;116;;;26706;769839.30;1049413.76;2022-10-14T00:00:00
5917573;531243;Hýskov;;;;;50474;Hýskov;;;è.ev.;117;;;26706;769889.64;1049432.29;2022-10-14T00:00:00
5917581;531243;Hýskov;;;;;50474;Hýskov;;;è.ev.;118;;;26706;769454.25;1049421.75;2013-11-29T00:00:00
5917590;531243;Hýskov;;;;;50474;Hýskov;;;è.ev.;119;;;26706;769723.20;1049486.82;2022-10-14T00:00:00
5917603;531243;Hýskov;;;;;50474;Hýskov;;;è.ev.;120;;;26706;769492.85;1049421.25;2022-10-14T00:00:00
5917611;531243;Hýskov;;;;;50474;Hýskov;;;è.ev.;121;;;26706;769936.84;1049505.66;2022-10-14T00:00:00
5917620;531243;Hýskov;;;;;50474;Hýskov;;;è.ev.;122;;;26706;769919.21;1049497.23;2022-04-29T00:00:00
5917638;531243;Hýskov;;;;;50474;Hýskov;;;è.ev.;123;;;26706;769902.11;1049457.03;2022-10-14T00:00:00
5917646;531243;Hýskov;;;;;50474;Hýskov;;;è.ev.;124;;;26706;770185.52;1049687.54;2022-10-14T00:00:00
5917654;531243;Hýskov;;;;;50474;Hýskov;;;è.ev.;125;;;26706;769512.50;1049441.38;2013-11-29T00:00:00
5917662;531243;Hýskov;;;;;50474;Hýskov;;;è.ev.;126;;;26706;769758.77;1049394.63;2022-10-14T00:00:00
5917671;531243;Hýskov;;;;;50474;Hýskov;;;è.ev.;127;;;26706;769984.03;1049492.75;2022-10-14T00:00:00
5917689;531243;Hýskov;;;;;50474;Hýskov;;;è.ev.;128;;;26706;769781.51;1049395.50;2022-10-14T00:00:00
5917697;531243;Hýskov;;;;;50474;Hýskov;;;è.ev.;129;;;26706;769786.08;1049476.36;2022-10-14T00:00:00
5917701;531243;Hýskov;;;;;50474;Hýskov;;;è.ev.;130;;;26706;769410.30;1049388.34;2022-10-14T00:00:00
5917719;531243;Hýskov;;;;;50474;Hýskov;;;è.ev.;131;;;26706;769865.76;1049499.16;2022-10-14T00:00:00
5917727;531243;Hýskov;;;;;50474;Hýskov;;;è.ev.;132;;;26706;769477.00;1049390.63;2013-11-29T00:00:00
5917735;531243;Hýskov;;;;;50474;Hýskov;;;è.ev.;133;;;26706;769807.19;1049482.18;2022-10-14T00:00:00
5917743;531243;Hýskov;;;;;50474;Hýskov;;;è.ev.;134;;;26706;769981.78;1049464.19;2022-10-14T00:00:00
5917751;531243;Hýskov;;;;;50474;Hýskov;;;è.ev.;135;;;26706;769817.53;1049403.07;2022-10-14T00:00:00
5917760;531243;Hýskov;;;;;50474;Hýskov;;;è.ev.;136;;;26706;769537.61;1049425.54;2022-10-14T00:00:00
5917778;531243;Hýskov;;;;;50474;Hýskov;;;è.ev.;137;;;26706;769940.72;1049474.19;2022-10-14T00:00:00
5917786;531243;Hýskov;;;;;50474;Hýskov;;;è.ev.;138;;;26706;769545.13;1049482.63;2013-11-29T00:00:00
5917794;531243;Hýskov;;;;;50474;Hýskov;;;è.ev.;139;;;26706;769528.63;1049472.38;2013-11-29T00:00:00
5917808;531243;Hýskov;;;;;50474;Hýskov;;;è.ev.;140;;;26706;769760.64;1049416.12;2022-10-14T00:00:00
5917816;531243;Hýskov;;;;;50474;Hýskov;;;è.ev.;141;;;26706;769807.87;1049459.53;2022-10-14T00:00:00
5917824;531243;Hýskov;;;;;50474;Hýskov;;;è.ev.;142;;;26706;769786.34;1049497.78;2022-10-14T00:00:00
5917832;531243;Hýskov;;;;;50474;Hýskov;;;è.ev.;143;;;26706;769921.34;1049465.86;2022-10-14T00:00:00
5917841;531243;Hýskov;;;;;50474;Hýskov;;;è.ev.;144;;;26706;769795.92;1049427.09;2013-11-29T00:00:00
5917859;531243;Hýskov;;;;;50474;Hýskov;;;è.ev.;145;;;26706;771660.20;1049700.26;2013-11-29T00:00:00
5917867;531243;Hýskov;;;;;50474;Hýskov;;;è.ev.;146;;;26706;769957.07;1049480.15;2022-10-14T00:00:00
5917875;531243;Hýskov;;;;;50474;Hýskov;;;è.ev.;147;;;26706;769961.13;1049512.37;2022-10-14T00:00:00
5917883;531243;Hýskov;;;;;50474;Hýskov;;;è.ev.;148;;;26706;769823.54;1049484.49;2022-10-14T00:00:00
5917891;531243;Hýskov;;;;;50474;Hýskov;;;è.ev.;149;;;26706;769694.97;1049434.77;2022-10-14T00:00:00
5917905;531243;Hýskov;;;;;50474;Hýskov;;;è.ev.;150;;;26706;769584.44;1049476.38;2013-11-29T00:00:00
5917913;531243;Hýskov;;;;;50474;Hýskov;;;è.ev.;151;;;26706;770049.06;1049579.75;2013-11-29T00:00:00
5917921;531243;Hýskov;;;;;50474;Hýskov;;;è.ev.;152;;;26706;769769.03;1049450.47;2013-11-29T00:00:00
5917930;531243;Hýskov;;;;;50474;Hýskov;;;è.ev.;153;;;26706;769723.19;1049383.11;2022-10-14T00:00:00
5917948;531243;Hýskov;;;;;50474;Hýskov;;;è.ev.;154;;;26706;771679.71;1049700.71;2022-10-14T00:00:00
5917956;531243;Hýskov;;;;;50474;Hýskov;;;è.ev.;155;;;26706;769908.75;1049434.25;2013-11-29T00:00:00
5917964;531243;Hýskov;;;;;50474;Hýskov;;;è.ev.;156;;;26706;769434.27;1049421.52;2013-11-29T00:00:00
5917972;531243;Hýskov;;;;;50474;Hýskov;;;è.ev.;157;;;26706;769726.44;1049459.30;2022-10-14T00:00:00
5917981;531243;Hýskov;;;;;50474;Hýskov;;;è.ev.;158;;;26706;769403.09;1049369.57;2022-10-14T00:00:00
5917999;531243;Hýskov;;;;;50474;Hýskov;;;è.ev.;159;;;26706;769495.94;1049389.75;2013-11-29T00:00:00
5918006;531243;Hýskov;;;;;50474;Hýskov;;;è.ev.;160;;;26706;769628.32;1049381.24;2022-10-14T00:00:00
5918014;531243;Hýskov;;;;;50474;Hýskov;;;è.ev.;161;;;26706;769719.45;1049407.72;2022-10-14T00:00:00
5918022;531243;Hýskov;;;;;50474;Hýskov;;;è.ev.;162;;;26706;769544.41;1049402.71;2022-10-14T00:00:00
5918031;531243;Hýskov;;;;;50474;Hýskov;;;è.ev.;163;;;26706;769822.30;1049430.89;2022-10-14T00:00:00
5918049;531243;Hýskov;;;;;50474;Hýskov;;;è.ev.;164;;;26706;769826.94;1049465.79;2022-10-14T00:00:00
5918057;531243;Hýskov;;;;;50474;Hýskov;;;è.ev.;165;;;26706;769846.82;1049491.32;2022-10-14T00:00:00
5918065;531243;Hýskov;;;;;50474;Hýskov;;;è.ev.;166;;;26706;769418.25;1049414.92;2022-10-14T00:00:00
5918073;531243;Hýskov;;;;;50474;Hýskov;;;è.ev.;167;;;26706;769429.57;1049391.00;2022-10-14T00:00:00
5918081;531243;Hýskov;;;;;50474;Hýskov;;;è.ev.;168;;;26706;771487.30;1050344.31;2013-11-29T00:00:00
5918090;531243;Hýskov;;;;;50474;Hýskov;2142473;Za Høbitovem;è.ev.;169;;;26706;771524.56;1049775.50;2017-12-11T00:00:00
5918103;531243;Hýskov;;;;;50474;Hýskov;;;è.ev.;171;;;26706;769710.22;1049484.05;2022-10-14T00:00:00
5918111;531243;Hýskov;;;;;50474;Hýskov;;;è.ev.;172;;;26706;769565.50;1049474.38;2013-11-29T00:00:00
5918120;531243;Hýskov;;;;;50474;Hýskov;;;è.ev.;173;;;26706;769524.75;1049400.63;2013-11-29T00:00:00
5918138;531243;Hýskov;;;;;50474;Hýskov;;;è.ev.;174;;;26706;769928.49;1049444.22;2022-04-29T00:00:00
5918146;531243;Hýskov;;;;;50474;Hýskov;;;è.ev.;175;;;26706;769879.83;1049483.38;2022-10-14T00:00:00
5918154;531243;Hýskov;;;;;50474;Hýskov;;;è.ev.;176;;;26706;769616.25;1049400.88;2013-11-29T00:00:00
5918162;531243;Hýskov;;;;;50474;Hýskov;;;è.ev.;177;;;26706;769760.56;1049492.13;2013-11-29T00:00:00
5918171;531243;Hýskov;;;;;50474;Hýskov;;;è.ev.;178;;;26706;769638.63;1049400.63;2013-11-29T00:00:00
5918189;531243;Hýskov;;;;;50474;Hýskov;;;è.ev.;179;;;26706;769998.10;1049474.47;2022-10-14T00:00:00
5918197;531243;Hýskov;;;;;50474;Hýskov;;;è.ev.;180;;;26706;769876.20;1049447.82;2022-10-14T00:00:00
5918201;531243;Hýskov;;;;;50474;Hýskov;;;è.ev.;181;;;26706;769741.39;1049388.16;2022-10-14T00:00:00
5918219;531243;Hýskov;;;;;50474;Hýskov;;;è.ev.;182;;;26706;769706.08;1049402.27;2022-10-14T00:00:00
5918235;531243;Hýskov;;;;;50474;Hýskov;;;è.ev.;184;;;26706;769472.62;1049426.15;2013-11-29T00:00:00
5918243;531243;Hýskov;;;;;50474;Hýskov;;;è.ev.;185;;;26706;769616.30;1049453.09;2022-10-14T00:00:00
5918251;531243;Hýskov;;;;;50474;Hýskov;;;è.ev.;187;;;26706;769607.81;1049379.30;2022-10-14T00:00:00
5918260;531243;Hýskov;;;;;50474;Hýskov;;;è.ev.;189;;;26706;769552.56;1049447.75;2013-11-29T00:00:00
5918278;531243;Hýskov;;;;;50474;Hýskov;;;è.ev.;190;;;26706;769564.25;1049494.13;2013-11-29T00:00:00
5918286;531243;Hýskov;;;;;50474;Hýskov;;;è.ev.;191;;;26706;769845.58;1049474.65;2013-11-29T00:00:00
5918294;531243;Hýskov;;;;;50474;Hýskov;;;è.ev.;192;;;26706;769821.09;1049508.18;2022-10-14T00:00:00
5918308;531243;Hýskov;;;;;50474;Hýskov;;;è.ev.;193;;;26706;769390.80;1049383.84;2022-10-14T00:00:00
5918316;531243;Hýskov;;;;;50474;Hýskov;;;è.ev.;194;;;26706;769879.20;1049503.51;2022-10-14T00:00:00
5918332;531243;Hýskov;;;;;50474;Hýskov;;;è.ev.;196;;;26706;769415.39;1049429.49;2022-10-14T00:00:00
5918341;531243;Hýskov;;;;;50474;Hýskov;;;è.ev.;197;;;26706;769398.87;1049411.12;2022-10-14T00:00:00
5918367;531243;Hýskov;;;;;50474;Hýskov;;;è.ev.;200;;;26706;769866.00;1048128.00;2013-11-29T00:00:00
24385689;531243;Hýskov;;;;;50474;Hýskov;10669;Na Krétì;è.p.;177;;;26706;770365.00;1050286.50;2013-11-29T00:00:00
25389734;531243;Hýskov;;;;;50474;Hýskov;705926;Za Høištìm;è.p.;486;;;26706;771189.72;1049548.11;2022-10-14T00:00:00
25461176;531243;Hýskov;;;;;50474;Hýskov;705926;Za Høištìm;è.ev.;201;;;26706;771251.00;1049717.00;2013-11-29T00:00:00
25702467;531243;Hýskov;;;;;50474;Hýskov;705926;Za Høištìm;è.p.;481;;;26706;771238.00;1049690.00;2013-11-29T00:00:00
25716531;531243;Hýskov;;;;;50474;Hýskov;10651;Na Bøasích;è.p.;477;;;26706;771138.69;1050137.00;2013-11-29T00:00:00
25750208;531243;Hýskov;;;;;50474;Hýskov;723185;Na Vinièkách;è.p.;501;;;26706;771368.00;1049750.00;2013-11-29T00:00:00
25779818;531243;Hýskov;;;;;50474;Hýskov;723185;Na Vinièkách;è.p.;503;;;26706;771341.00;1049659.00;2013-11-29T00:00:00
25807013;531243;Hýskov;;;;;50474;Hýskov;727377;Za Humny;è.p.;499;;;26706;771065.00;1049618.00;2013-11-29T00:00:00
25812874;531243;Hýskov;;;;;50474;Hýskov;10766;Srázná;è.p.;489;;;26706;770834.38;1050129.31;2022-10-14T00:00:00
25853970;531243;Hýskov;;;;;50474;Hýskov;727377;Za Humny;è.p.;500;;;26706;771038.00;1049525.00;2013-11-29T00:00:00
25866141;531243;Hýskov;;;;;50474;Hýskov;758175;K Jakubinì;è.ev.;213;;;26706;770338.66;1049555.63;2022-10-14T00:00:00
25993127;531243;Hýskov;;;;;50474;Hýskov;10812;Zabranská;è.p.;487;;;26706;771076.00;1049918.00;2013-11-29T00:00:00
26042487;531243;Hýskov;;;;;50474;Hýskov;10707;Polní;è.p.;485;;;26706;770950.90;1049548.53;2022-10-14T00:00:00
26128365;531243;Hýskov;;;;;50474;Hýskov;723185;Na Vinièkách;è.p.;504;;;26706;771317.00;1049673.00;2013-11-29T00:00:00
26153211;531243;Hýskov;;;;;50474;Hýskov;10642;Libinská;è.p.;479;;;26706;770173.00;1049590.00;2013-11-29T00:00:00
26194937;531243;Hýskov;;;;;50474;Hýskov;10707;Polní;è.p.;474;;;26706;770958.35;1049521.06;2022-10-14T00:00:00
26252449;531243;Hýskov;;;;;50474;Hýskov;10634;Kladenská;è.p.;476;;;26706;770470.00;1049722.00;2013-11-29T00:00:00
26337657;531243;Hýskov;;;;;50474;Hýskov;;;è.ev.;212;;;26706;771987.36;1049642.16;2022-10-14T00:00:00
26337665;531243;Hýskov;;;;;50474;Hýskov;705926;Za Høištìm;è.p.;482;;;26706;771208.81;1049603.56;2022-10-14T00:00:00
26337673;531243;Hýskov;;;;;50474;Hýskov;705926;Za Høištìm;è.p.;483;;;26706;771223.00;1049673.00;2013-11-29T00:00:00
26337681;531243;Hýskov;;;;;50474;Hýskov;10651;Na Bøasích;è.p.;493;;;26706;770851.00;1050424.00;2013-11-29T00:00:00
26337690;531243;Hýskov;;;;;50474;Hýskov;10570;Budovatelská;è.p.;495;;;26706;771338.31;1049952.02;2013-11-29T00:00:00
26337703;531243;Hýskov;;;;;50474;Hýskov;10707;Polní;è.p.;497;;;26706;770980.00;1049630.00;2013-11-29T00:00:00
26337711;531243;Hýskov;;;;;50474;Hýskov;10642;Libinská;è.p.;510;;;26706;769974.00;1049375.00;2013-11-29T00:00:00
26337720;531243;Hýskov;;;;;50474;Hýskov;758175;K Jakubinì;è.p.;511;;;26706;770316.00;1049410.00;2013-11-29T00:00:00
26337738;531243;Hýskov;;;;;50474;Hýskov;758175;K Jakubinì;è.p.;512;;;26706;770336.15;1049427.54;2013-11-29T00:00:00
26337746;531243;Hýskov;;;;;50474;Hýskov;758175;K Jakubinì;è.p.;515;;;26706;770392.68;1049491.90;2022-10-14T00:00:00
26337754;531243;Hýskov;;;;;50474;Hýskov;10782;Za Tratí;è.p.;521;;;26706;771147.60;1050013.21;2022-10-14T00:00:00
26498685;531243;Hýskov;;;;;50474;Hýskov;10774;Školní;è.p.;522;;;26706;770675.91;1050180.03;2013-11-29T00:00:00
26528754;531243;Hýskov;;;;;50474;Hýskov;723185;Na Vinièkách;è.p.;505;;;26706;771332.70;1049721.86;2013-11-29T00:00:00
26568659;531243;Hýskov;;;;;50474;Hýskov;10693;Námìstí 5. kvìtna;è.p.;524;;;26706;770645.75;1049987.39;2013-11-29T00:00:00
26582015;531243;Hýskov;;;;;50474;Hýskov;10596;Družstevní;è.p.;523;;;26706;771057.00;1050090.00;2013-11-29T00:00:00
26592100;531243;Hýskov;;;;;50474;Hýskov;758175;K Jakubinì;è.p.;518;;;26706;770461.35;1049570.86;2013-11-29T00:00:00
26630371;531243;Hýskov;;;;;50474;Hýskov;10669;Na Krétì;è.p.;473;;;26706;770187.46;1050275.45;2022-10-14T00:00:00
26670607;531243;Hýskov;;;;;50474;Hýskov;705926;Za Høištìm;è.p.;484;;;26706;771187.88;1049564.00;2013-11-29T00:00:00
26709619;531243;Hýskov;;;;;50474;Hýskov;723185;Na Vinièkách;è.p.;502;;;26706;771354.00;1049704.00;2013-11-29T00:00:00
26709627;531243;Hýskov;;;;;50474;Hýskov;10651;Na Bøasích;è.p.;491;;;26706;770859.58;1050332.43;2014-10-30T00:00:00
26769239;531243;Hýskov;;;;;50474;Hýskov;10707;Polní;è.p.;526;;;26706;770979.77;1049565.41;2013-11-29T00:00:00
26781590;531243;Hýskov;;;;;50474;Hýskov;10707;Polní;è.p.;475;;;26706;771020.00;1049716.00;2013-11-29T00:00:00
26781603;531243;Hýskov;;;;;50474;Hýskov;10693;Námìstí 5. kvìtna;è.p.;488;;;26706;770571.94;1049975.58;2013-11-29T00:00:00
26781611;531243;Hýskov;;;;;50474;Hýskov;;;è.ev.;202;;;26706;771498.75;1049991.09;2022-10-14T00:00:00
26781620;531243;Hýskov;;;;;50474;Hýskov;;;è.ev.;203;;;26706;771537.08;1049962.35;2022-10-14T00:00:00
27036782;531243;Hýskov;;;;;50474;Hýskov;723185;Na Vinièkách;è.p.;507;;;26706;771294.76;1049607.58;2013-11-29T00:00:00
27036791;531243;Hýskov;;;;;50474;Hýskov;723185;Na Vinièkách;è.p.;508;;;26706;771340.61;1049630.18;2013-11-29T00:00:00
27036804;531243;Hýskov;;;;;50474;Hýskov;758175;K Jakubinì;è.p.;516;;;26706;770409.00;1049514.00;2013-11-29T00:00:00
27036812;531243;Hýskov;;;;;50474;Hýskov;10782;Za Tratí;è.p.;525;;;26706;771092.59;1050003.41;2013-11-29T00:00:00
27126285;531243;Hýskov;;;;;50474;Hýskov;10707;Polní;è.p.;494;;;26706;770990.00;1049606.00;2013-11-29T00:00:00
27257843;531243;Hýskov;;;;;50474;Hýskov;10685;Nádražní;è.p.;529;;;26706;770989.78;1050184.00;2013-11-29T00:00:00
27260682;531243;Hýskov;;;;;50474;Hýskov;10812;Zabranská;è.p.;530;;;26706;770756.37;1050005.78;2013-11-29T00:00:00
27268128;531243;Hýskov;;;;;50474;Hýskov;10669;Na Krétì;è.p.;528;;;26706;770413.32;1050333.67;2022-10-14T00:00:00
27276554;531243;Hýskov;;;;;50474;Hýskov;10618;K Lesíku;è.p.;527;;;26706;771290.39;1049777.38;2013-11-29T00:00:00
27276643;531243;Hýskov;;;;;50474;Hýskov;780774;Zahradní;è.p.;547;;;26706;770887.36;1049801.25;2013-11-29T00:00:00
27319890;531243;Hýskov;;;;;50474;Hýskov;723185;Na Vinièkách;è.p.;572;;;26706;771232.60;1049617.65;2013-11-29T00:00:00
27319903;531243;Hýskov;;;;;50474;Hýskov;10812;Zabranská;è.p.;585;;;26706;771297.62;1049887.69;2013-11-29T00:00:00
27326276;531243;Hýskov;;;;;50474;Hýskov;723185;Na Vinièkách;è.p.;582;;;26706;771273.10;1049543.53;2013-11-29T00:00:00
27326322;531243;Hýskov;;;;;50474;Hýskov;780791;Nad Sokolovnou;è.p.;534;;;26706;770791.16;1049751.96;2013-11-29T00:00:00
27363970;531243;Hýskov;;;;;50474;Hýskov;;;è.p.;586;;;26706;771551.86;1049614.59;2013-11-29T00:00:00
27383628;531243;Hýskov;;;;;50474;Hýskov;780774;Zahradní;è.p.;554;;;26706;770846.63;1049596.89;2013-11-29T00:00:00
27415678;531243;Hýskov;;;;;50474;Hýskov;758175;K Jakubinì;è.p.;517;;;26706;770448.35;1049550.58;2013-11-29T00:00:00
27415686;531243;Hýskov;;;;;50474;Hýskov;723185;Na Vinièkách;è.p.;569;;;26706;771277.63;1049655.21;2013-11-29T00:00:00
27486818;531243;Hýskov;;;;;50474;Hýskov;780774;Zahradní;è.p.;549;;;26706;770862.12;1049731.11;2013-11-29T00:00:00
27500063;531243;Hýskov;;;;;50474;Hýskov;780774;Zahradní;è.p.;555;;;26706;770858.42;1049617.34;2013-11-29T00:00:00
27500071;531243;Hýskov;;;;;50474;Hýskov;780774;Zahradní;è.p.;558;;;26706;770878.76;1049685.19;2013-11-29T00:00:00
27513483;531243;Hýskov;;;;;50474;Hýskov;780774;Zahradní;è.p.;556;;;26706;770865.31;1049643.71;2013-11-29T00:00:00
27546977;531243;Hýskov;;;;;50474;Hýskov;723185;Na Vinièkách;è.p.;583;;;26706;771289.51;1049578.64;2013-11-29T00:00:00
27563421;531243;Hýskov;;;;;50474;Hýskov;758175;K Jakubinì;è.p.;590;;;26706;770337.99;1049498.83;2013-11-29T00:00:00
27585794;531243;Hýskov;;;;;50474;Hýskov;10634;Kladenská;è.p.;587;;;26706;770537.00;1049925.00;2013-11-29T00:00:00
27592324;531243;Hýskov;;;;;50474;Hýskov;780791;Nad Sokolovnou;è.p.;537;;;26706;770754.85;1049658.20;2013-11-29T00:00:00
27663469;531243;Hýskov;;;;;50474;Hýskov;10626;K Nádržce;è.p.;600;;;26706;770464.49;1050016.19;2019-08-09T00:00:00
27687279;531243;Hýskov;;;;;50474;Hýskov;;;è.p.;601;;;26706;771537.47;1050329.59;2013-11-29T00:00:00
27705111;531243;Hýskov;;;;;50474;Hýskov;780804;Luèní;è.p.;614;;;26706;770937.00;1049718.00;2013-11-29T00:00:00
27713831;531243;Hýskov;;;;;50474;Hýskov;705926;Za Høištìm;è.p.;606;;;26706;771224.65;1049651.84;2022-10-14T00:00:00
27730328;531243;Hýskov;;;;;50474;Hýskov;10707;Polní;è.p.;588;;;26706;771042.68;1049664.62;2013-11-29T00:00:00
27773876;531243;Hýskov;;;;;50474;Hýskov;723185;Na Vinièkách;è.p.;506;;;26706;771308.39;1049727.33;2013-11-29T00:00:00
27869407;531243;Hýskov;;;;;50474;Hýskov;780782;Okružní;è.p.;478;;;26706;771591.00;1049698.00;2013-11-29T00:00:00
27872645;531243;Hýskov;;;;;50474;Hýskov;10642;Libinská;è.p.;603;;;26706;770009.75;1049498.62;2013-11-29T00:00:00
27872653;531243;Hýskov;;;;;50474;Hýskov;758175;K Jakubinì;è.p.;594;;;26706;770396.00;1049583.34;2013-11-29T00:00:00
27872661;531243;Hýskov;;;;;50474;Hýskov;758175;K Jakubinì;è.p.;593;;;26706;770390.64;1049563.89;2013-11-29T00:00:00
27898229;531243;Hýskov;;;;;50474;Hýskov;758175;K Jakubinì;è.p.;519;;;26706;770478.93;1049624.44;2013-11-29T00:00:00
27932125;531243;Hýskov;;;;;50474;Hýskov;723185;Na Vinièkách;è.p.;573;;;26706;771259.03;1049587.04;2019-08-09T00:00:00
27996573;531243;Hýskov;;;;;50474;Hýskov;780774;Zahradní;è.p.;563;;;26706;770922.00;1049806.00;2013-11-29T00:00:00
28015932;531243;Hýskov;;;;;50474;Hýskov;780791;Nad Sokolovnou;è.p.;545;;;26706;770858.00;1049843.00;2013-11-29T00:00:00
28039360;531243;Hýskov;;;;;50474;Hýskov;780804;Luèní;è.p.;618;;;26706;770890.27;1049581.26;2013-11-29T00:00:00
28064241;531243;Hýskov;;;;;50474;Hýskov;780791;Nad Sokolovnou;è.p.;532;;;26706;770818.71;1049824.91;2013-11-29T00:00:00
28112784;531243;Hýskov;;;;;50474;Hýskov;723185;Na Vinièkách;è.p.;509;;;26706;771326.00;1049599.00;2013-11-29T00:00:00
28129377;531243;Hýskov;;;;;50474;Hýskov;780774;Zahradní;è.p.;560;;;26706;770898.00;1049739.00;2013-11-29T00:00:00
28150406;531243;Hýskov;;;;;50474;Hýskov;780774;Zahradní;è.p.;564;;;26706;770929.00;1049825.00;2013-11-29T00:00:00
28215541;531243;Hýskov;;;;;50474;Hýskov;10642;Libinská;è.p.;498;;;26706;770370.06;1049818.57;2022-10-14T00:00:00
28258517;531243;Hýskov;;;;;50474;Hýskov;780774;Zahradní;è.p.;557;;;26706;770870.75;1049663.13;2013-11-29T00:00:00
28300467;531243;Hýskov;;;;;50474;Hýskov;10707;Polní;è.p.;607;;;26706;770964.97;1049590.25;2013-11-29T00:00:00
28300611;531243;Hýskov;;;;;50474;Hýskov;780804;Luèní;è.p.;626;;;26706;770984.97;1049779.68;2013-11-29T00:00:00
28340086;531243;Hýskov;;;;;50474;Hýskov;780804;Luèní;è.p.;615;;;26706;770921.78;1049674.03;2016-10-12T00:00:00
28375254;531243;Hýskov;;;;;50474;Hýskov;723185;Na Vinièkách;è.p.;581;;;26706;771258.94;1049494.08;2019-08-09T00:00:00
28415965;531243;Hýskov;;;;;50474;Hýskov;758175;K Jakubinì;è.p.;520;;;26706;770430.12;1049622.46;2019-08-09T00:00:00
28416066;531243;Hýskov;;;;;50474;Hýskov;780774;Zahradní;è.p.;562;;;26706;770908.81;1049784.89;2016-11-03T00:00:00
30107873;531243;Hýskov;;;;;50474;Hýskov;10634;Kladenská;è.p.;22;;;26706;770602.69;1049930.13;2013-11-29T00:00:00
30107881;531243;Hýskov;;;;;50474;Hýskov;10812;Zabranská;è.p.;28;;;26706;770721.56;1049964.75;2013-11-29T00:00:00
30107911;531243;Hýskov;;;;;50474;Hýskov;10774;Školní;è.p.;188;;;26706;770557.94;1050236.13;2013-11-29T00:00:00
30107946;531243;Hýskov;;;;;50474;Hýskov;780782;Okružní;è.p.;456;;;26706;771531.81;1049693.32;2022-10-14T00:00:00
30107962;531243;Hýskov;;;;;50474;Hýskov;780782;Okružní;è.p.;458;;;26706;771555.84;1049696.92;2022-10-14T00:00:00
30107997;531243;Hýskov;;;;;50474;Hýskov;10618;K Lesíku;è.ev.;3;;;26706;771107.85;1049862.04;2022-10-14T00:00:00
30759811;531243;Hýskov;;;;;50474;Hýskov;;;è.ev.;186;;;26706;769516.73;1049413.38;2022-10-14T00:00:00
30759820;531243;Hýskov;;;;;50474;Hýskov;10669;Na Krétì;è.ev.;204;;;26706;770658.03;1050312.78;2013-11-29T00:00:00
30759838;531243;Hýskov;;;;;50474;Hýskov;;;è.ev.;211;;;26706;769440.83;1049389.52;2022-10-14T00:00:00
31221343;531243;Hýskov;;;;;50474;Hýskov;10642;Libinská;è.p.;496;;;26706;770116.77;1049514.08;2013-11-29T00:00:00
40585549;531243;Hýskov;;;;;50474;Hýskov;780804;Luèní;è.p.;612;;;26706;770949.26;1049767.87;2019-08-09T00:00:00
40644057;531243;Hýskov;;;;;50474;Hýskov;758175;K Jakubinì;è.p.;627;;;26706;770406.76;1049610.62;2014-05-26T00:00:00
40889343;531243;Hýskov;;;;;50474;Hýskov;780782;Okružní;è.p.;630;;;26706;771651.90;1049674.14;2013-11-29T00:00:00
40990834;531243;Hýskov;;;;;50474;Hýskov;780804;Luèní;è.p.;622;;;26706;770936.05;1049651.18;2013-11-29T00:00:00
40994741;531243;Hýskov;;;;;50474;Hýskov;780791;Nad Sokolovnou;è.p.;542;;;26706;770823.73;1049765.28;2014-05-14T00:00:00
40994970;531243;Hýskov;;;;;50474;Hýskov;10561;Berounská;è.p.;628;;;26706;770492.55;1050170.74;2013-11-29T00:00:00
41032161;531243;Hýskov;;;;;50474;Hýskov;780791;Nad Sokolovnou;è.p.;543;;;26706;770836.49;1049792.62;2013-11-29T00:00:00
41058194;531243;Hýskov;;;;;50474;Hýskov;723185;Na Vinièkách;è.p.;571;;;26706;771263.78;1049619.64;2013-11-29T00:00:00
41196911;531243;Hýskov;;;;;50474;Hýskov;780774;Zahradní;è.p.;546;;;26706;770900.50;1049826.50;2013-11-29T00:00:00
41220676;531243;Hýskov;;;;;50474;Hýskov;723185;Na Vinièkách;è.p.;580;;;26706;771254.71;1049457.80;2013-11-29T00:00:00
41333471;531243;Hýskov;;;;;50474;Hýskov;10707;Polní;è.p.;610;;;26706;771021.52;1049693.04;2013-11-29T00:00:00
41542291;531243;Hýskov;;;;;50474;Hýskov;917834;Pod Klukem;è.p.;659;;;26706;770351.89;1049290.07;2013-11-29T00:00:00
41542703;531243;Hýskov;;;;;50474;Hýskov;917834;Pod Klukem;è.p.;660;;;26706;770373.44;1049316.59;2013-11-29T00:00:00
41555261;531243;Hýskov;;;;;50474;Hýskov;758175;K Jakubinì;è.p.;589;;;26706;770312.08;1049474.58;2013-11-29T00:00:00
41555309;531243;Hýskov;;;;;50474;Hýskov;758175;K Jakubinì;è.p.;629;;;26706;770372.21;1049593.84;2013-11-29T00:00:00
41692233;531243;Hýskov;;;;;50474;Hýskov;723185;Na Vinièkách;è.p.;565;;;26706;771315.60;1049756.54;2013-11-29T00:00:00
42025362;531243;Hýskov;;;;;50474;Hýskov;917834;Pod Klukem;è.p.;656;;;26706;770366.84;1049207.45;2013-11-29T00:00:00
42395402;531243;Hýskov;;;;;50474;Hýskov;758175;K Jakubinì;è.p.;595;;;26706;770505.73;1049649.69;2013-11-29T00:00:00
42551391;531243;Hýskov;;;;;50474;Hýskov;780774;Zahradní;è.p.;548;;;26706;770863.39;1049765.23;2013-11-29T00:00:00
42676185;531243;Hýskov;;;;;50474;Hýskov;;;è.ev.;205;;;26706;769852.63;1049416.69;2013-11-29T00:00:00
71947299;531243;Hýskov;;;;;50474;Hýskov;917834;Pod Klukem;è.p.;641;;;26706;770327.96;1049336.15;2014-02-13T00:00:00
72463481;531243;Hýskov;;;;;50474;Hýskov;917834;Pod Klukem;è.p.;646;;;26706;770321.20;1049201.67;2014-03-26T00:00:00
72641738;531243;Hýskov;;;;;50474;Hýskov;917834;Pod Klukem;è.p.;657;;;26706;770343.08;1049235.41;2014-05-12T00:00:00
73001066;531243;Hýskov;;;;;50474;Hýskov;917834;Pod Klukem;è.p.;653;;;26706;770445.39;1049181.08;2014-08-22T00:00:00
73077631;531243;Hýskov;;;;;50474;Hýskov;917834;Pod Klukem;è.p.;655;;;26706;770386.74;1049197.01;2014-09-24T00:00:00
73080314;531243;Hýskov;;;;;50474;Hýskov;780774;Zahradní;è.p.;552;;;26706;770826.47;1049643.24;2014-09-24T00:00:00
73224821;531243;Hýskov;;;;;50474;Hýskov;;;è.p.;631;;;26706;769129.96;1049087.50;2014-11-25T00:00:00
73397725;531243;Hýskov;;;;;50474;Hýskov;10651;Na Bøasích;è.p.;492;;;26706;770856.11;1050381.11;2015-02-03T00:00:00
73436216;531243;Hýskov;;;;;50474;Hýskov;10731;Prostøední;è.p.;632;;;26706;770511.78;1049889.25;2015-02-16T00:00:00
73487457;531243;Hýskov;;;;;50474;Hýskov;10651;Na Bøasích;è.p.;416;;;26706;770815.95;1050383.46;2015-03-06T00:00:00
73982199;531243;Hýskov;;;;;50474;Hýskov;780804;Luèní;è.p.;623;;;26706;770954.47;1049684.90;2015-08-25T00:00:00
74261576;531243;Hýskov;;;;;50474;Hýskov;917834;Pod Klukem;è.p.;654;;;26706;770407.15;1049183.90;2015-11-16T00:00:00
74401670;531243;Hýskov;;;;;50474;Hýskov;780782;Okružní;è.p.;633;;;26706;771586.29;1049660.94;2015-12-22T00:00:00
74927248;531243;Hýskov;;;;;50474;Hýskov;780804;Luèní;è.p.;611;;;26706;770956.56;1049794.71;2016-04-26T00:00:00
75640571;531243;Hýskov;;;;;50474;Hýskov;917834;Pod Klukem;è.p.;658;;;26706;770348.39;1049257.98;2017-01-06T00:00:00
75791757;531243;Hýskov;;;;;50474;Hýskov;917834;Pod Klukem;è.p.;647;;;26706;770338.07;1049195.94;2017-01-31T00:00:00
76013286;531243;Hýskov;;;;;50474;Hýskov;723185;Na Vinièkách;è.p.;575;;;26706;771240.85;1049552.13;2017-04-20T00:00:00
76159434;531243;Hýskov;;;;;50474;Hýskov;917834;Pod Klukem;è.p.;650;;;26706;770408.41;1049114.91;2017-05-17T00:00:00
76180140;531243;Hýskov;;;;;50474;Hýskov;10812;Zabranská;è.p.;634;;;26706;771534.93;1049797.13;2017-06-14T00:00:00
77846583;531243;Hýskov;;;;;50474;Hýskov;2142449;U Statku;è.p.;635;;;26706;770659.09;1049757.97;2017-12-05T00:00:00
77876202;531243;Hýskov;;;;;50474;Hýskov;917834;Pod Klukem;è.p.;670;;;26706;770469.94;1049294.73;2017-12-19T00:00:00
77876458;531243;Hýskov;;;;;50474;Hýskov;917834;Pod Klukem;è.p.;671;;;26706;770466.18;1049318.31;2017-12-19T00:00:00
77906373;531243;Hýskov;;;;;50474;Hýskov;917834;Pod Klukem;è.p.;662;;;26706;770396.41;1049267.68;2018-01-03T00:00:00
78005809;531243;Hýskov;;;;;50474;Hýskov;2142473;Za Høbitovem;è.p.;637;;;26706;771480.60;1049668.82;2018-02-21T00:00:00
78081394;531243;Hýskov;;;;;50474;Hýskov;2108062;K Palouèku;è.p.;733;;;26706;770623.80;1049652.85;2018-03-05T00:00:00
78081513;531243;Hýskov;;;;;50474;Hýskov;780791;Nad Sokolovnou;è.p.;538;;;26706;770780.75;1049630.32;2018-03-05T00:00:00
78239257;531243;Hýskov;;;;;50474;Hýskov;10707;Polní;è.p.;608;;;26706;771014.35;1049649.07;2018-04-12T00:00:00
78368189;531243;Hýskov;;;;;50474;Hýskov;2107821;Františka Nepila;è.p.;754;;;26706;770596.69;1049710.19;2018-05-23T00:00:00
78442389;531243;Hýskov;;;;;50474;Hýskov;2107821;Františka Nepila;è.p.;738;;;26706;770747.48;1049599.02;2018-06-20T00:00:00
78464919;531243;Hýskov;;;;;50474;Hýskov;917834;Pod Klukem;è.p.;699;;;26706;770558.73;1049305.13;2018-06-27T00:00:00
78464978;531243;Hýskov;;;;;50474;Hýskov;917834;Pod Klukem;è.p.;672;;;26706;770478.39;1049339.16;2018-06-27T00:00:00
78465036;531243;Hýskov;;;;;50474;Hýskov;917834;Pod Klukem;è.p.;698;;;26706;770522.25;1049324.80;2018-06-27T00:00:00
78465214;531243;Hýskov;;;;;50474;Hýskov;917834;Pod Klukem;è.p.;697;;;26706;770516.63;1049330.96;2018-06-27T00:00:00
78552541;531243;Hýskov;;;;;50474;Hýskov;2108062;K Palouèku;è.p.;717;;;26706;770629.63;1049571.22;2018-07-26T00:00:00
78595584;531243;Hýskov;;;;;50474;Hýskov;917834;Pod Klukem;è.p.;696;;;26706;770511.76;1049373.47;2018-08-13T00:00:00
78597951;531243;Hýskov;;;;;50474;Hýskov;10634;Kladenská;è.p.;710;;;26706;770529.43;1049737.67;2018-08-14T00:00:00
78644607;531243;Hýskov;;;;;50474;Hýskov;10634;Kladenská;è.p.;638;;;26706;770469.78;1049745.12;2018-09-05T00:00:00
78659345;531243;Hýskov;;;;;50474;Hýskov;10642;Libinská;è.p.;639;;;26706;770285.49;1049685.66;2018-09-05T00:00:00
78659469;531243;Hýskov;;;;;50474;Hýskov;2142449;U Statku;è.p.;749;;;26706;770606.32;1049740.10;2018-09-05T00:00:00
78660874;531243;Hýskov;;;;;50474;Hýskov;2142449;U Statku;è.p.;750;;;26706;770647.04;1049734.74;2018-09-05T00:00:00
78716306;531243;Hýskov;;;;;50474;Hýskov;2107821;Františka Nepila;è.p.;741;;;26706;770816.73;1049567.51;2018-10-04T00:00:00
78727774;531243;Hýskov;;;;;50474;Hýskov;917834;Pod Klukem;è.p.;666;;;26706;770512.67;1049209.22;2018-10-04T00:00:00
78752949;531243;Hýskov;;;;;50474;Hýskov;917834;Pod Klukem;è.p.;708;;;26706;770500.59;1049153.72;2018-10-09T00:00:00
78757045;531243;Hýskov;;;;;50474;Hýskov;10618;K Lesíku;è.p.;640;;;26706;771464.63;1049766.37;2018-10-10T00:00:00
78804574;531243;Hýskov;;;;;50474;Hýskov;917834;Pod Klukem;è.p.;676;;;26706;770510.25;1049431.91;2018-10-30T00:00:00
78804728;531243;Hýskov;;;;;50474;Hýskov;10693;Námìstí 5. kvìtna;è.p.;636;;;26706;770541.77;1050052.84;2018-10-30T00:00:00
78948576;531243;Hýskov;;;;;50474;Hýskov;10669;Na Krétì;è.p.;759;;;26706;770285.19;1050284.47;2018-12-05T00:00:00
78948959;531243;Hýskov;;;;;50474;Hýskov;917834;Pod Klukem;è.p.;684;;;26706;770623.23;1049466.31;2018-12-05T00:00:00
78949335;531243;Hýskov;;;;;50474;Hýskov;780804;Luèní;è.p.;617;;;26706;770902.03;1049606.96;2018-12-05T00:00:00
78949475;531243;Hýskov;;;;;50474;Hýskov;917834;Pod Klukem;è.p.;694;;;26706;770567.30;1049358.63;2018-12-05T00:00:00
78949572;531243;Hýskov;;;;;50474;Hýskov;917834;Pod Klukem;è.p.;695;;;26706;770540.94;1049364.06;2018-12-05T00:00:00
79055737;531243;Hýskov;;;;;50474;Hýskov;10634;Kladenská;è.p.;758;;;26706;770534.06;1049758.46;2019-01-14T00:00:00
79105777;531243;Hýskov;;;;;50474;Hýskov;780804;Luèní;è.p.;613;;;26706;770946.20;1049738.66;2019-01-30T00:00:00
79170901;531243;Hýskov;;;;;50474;Hýskov;723185;Na Vinièkách;è.p.;579;;;26706;771229.79;1049492.89;2019-02-25T00:00:00
79382134;531243;Hýskov;;;;;50474;Hýskov;2107821;Františka Nepila;è.p.;742;;;26706;770705.49;1049673.86;2019-05-17T00:00:00
79382177;531243;Hýskov;;;;;50474;Hýskov;2142449;U Statku;è.p.;748;;;26706;770584.89;1049757.42;2019-05-17T00:00:00
79382291;531243;Hýskov;;;;;50474;Hýskov;2107821;Františka Nepila;è.p.;736;;;26706;770686.75;1049636.19;2019-05-17T00:00:00
79383564;531243;Hýskov;;;;;50474;Hýskov;780774;Zahradní;è.p.;551;;;26706;770845.47;1049669.58;2022-10-18T00:00:00
79384439;531243;Hýskov;;;;;50474;Hýskov;917834;Pod Klukem;è.p.;689;;;26706;770532.15;1049423.55;2019-05-17T00:00:00
79386636;531243;Hýskov;;;;;50474;Hýskov;2107821;Františka Nepila;è.p.;735;;;26706;770674.89;1049644.66;2019-05-21T00:00:00
79478263;531243;Hýskov;;;;;50474;Hýskov;2108062;K Palouèku;è.p.;727;;;26706;770796.29;1049540.81;2019-06-18T00:00:00
79668542;531243;Hýskov;;;;;50474;Hýskov;917834;Pod Klukem;è.p.;677;;;26706;770514.59;1049469.85;2019-08-16T00:00:00
79842836;531243;Hýskov;;;;;50474;Hýskov;2108062;K Palouèku;è.p.;722;;;26706;770699.17;1049506.28;2019-09-02T00:00:00
79849113;531243;Hýskov;;;;;50474;Hýskov;917834;Pod Klukem;è.p.;700;;;26706;770582.09;1049294.75;2019-09-04T00:00:00
80004890;531243;Hýskov;;;;;50474;Hýskov;758175;K Jakubinì;è.p.;596;;;26706;770444.20;1049643.47;2019-10-31T00:00:00
80174230;531243;Hýskov;;;;;50474;Hýskov;2108062;K Palouèku;è.p.;732;;;26706;770650.03;1049624.85;2019-12-13T00:00:00
80174990;531243;Hýskov;;;;;50474;Hýskov;2107821;Františka Nepila;è.p.;740;;;26706;770796.14;1049567.27;2019-12-16T00:00:00
80177301;531243;Hýskov;;;;;50474;Hýskov;917834;Pod Klukem;è.p.;674;;;26706;770494.80;1049386.87;2019-12-16T00:00:00
80239510;531243;Hýskov;;;;;50474;Hýskov;727377;Za Humny;è.p.;755;;;26706;771067.02;1049600.46;2020-01-13T00:00:00
80268498;531243;Hýskov;;;;;50474;Hýskov;780791;Nad Sokolovnou;è.p.;535;;;26706;770785.45;1049724.46;2020-01-31T00:00:00
80334644;531243;Hýskov;;;;;50474;Hýskov;917834;Pod Klukem;è.p.;681;;;26706;770540.19;1049518.31;2020-02-04T00:00:00
80334709;531243;Hýskov;;;;;50474;Hýskov;917834;Pod Klukem;è.p.;675;;;26706;770497.37;1049418.25;2020-02-04T00:00:00
80585370;531243;Hýskov;;;;;50474;Hýskov;723185;Na Vinièkách;è.p.;584;;;26706;771307.31;1049638.86;2020-05-04T00:00:00
80860729;531243;Hýskov;;;;;50474;Hýskov;2142449;U Statku;è.p.;751;;;26706;770684.58;1049720.27;2020-06-23T00:00:00
80955207;531243;Hýskov;;;;;50474;Hýskov;917834;Pod Klukem;è.p.;690;;;26706;770560.29;1049404.96;2020-07-14T00:00:00
80955746;531243;Hýskov;;;;;50474;Hýskov;917834;Pod Klukem;è.p.;688;;;26706;770536.13;1049463.64;2020-07-14T00:00:00
80971253;531243;Hýskov;;;;;50474;Hýskov;10570;Budovatelská;è.p.;761;;;26706;771452.71;1049894.62;2020-07-15T00:00:00
80971393;531243;Hýskov;;;;;50474;Hýskov;10570;Budovatelská;è.p.;762;;;26706;771446.42;1049896.56;2020-07-15T00:00:00
80971415;531243;Hýskov;;;;;50474;Hýskov;10570;Budovatelská;è.p.;763;;;26706;771439.18;1049898.83;2020-07-15T00:00:00
80971521;531243;Hýskov;;;;;50474;Hýskov;10570;Budovatelská;è.p.;764;;;26706;771432.57;1049900.83;2020-07-15T00:00:00
80971580;531243;Hýskov;;;;;50474;Hýskov;10570;Budovatelská;è.p.;765;;;26706;771452.98;1049935.11;2020-07-15T00:00:00
80971628;531243;Hýskov;;;;;50474;Hýskov;10570;Budovatelská;è.p.;766;;;26706;771458.47;1049932.04;2020-07-15T00:00:00
80971661;531243;Hýskov;;;;;50474;Hýskov;10570;Budovatelská;è.p.;767;;;26706;771464.41;1049928.79;2020-07-15T00:00:00
80971938;531243;Hýskov;;;;;50474;Hýskov;10570;Budovatelská;è.p.;768;;;26706;771470.65;1049925.15;2020-07-15T00:00:00
80976573;531243;Hýskov;;;;;50474;Hýskov;2108062;K Palouèku;è.p.;724;;;26706;770751.14;1049523.77;2020-07-17T00:00:00
81183267;531243;Hýskov;;;;;50474;Hýskov;917834;Pod Klukem;è.p.;682;;;26706;770570.66;1049498.60;2020-10-02T00:00:00
81248288;531243;Hýskov;;;;;50474;Hýskov;2142449;U Statku;è.p.;744;;;26706;770713.59;1049724.11;2020-10-29T00:00:00
81270593;531243;Hýskov;;;;;50474;Hýskov;10626;K Nádržce;è.p.;769;;;26706;770387.46;1050045.82;2020-11-09T00:00:00
81289189;531243;Hýskov;;;;;50474;Hýskov;780791;Nad Sokolovnou;è.p.;539;;;26706;770792.80;1049664.17;2020-11-19T00:00:00
81439164;531243;Hýskov;;;;;50474;Hýskov;2107821;Františka Nepila;è.p.;734;;;26706;770648.41;1049662.05;2021-01-18T00:00:00
81445369;531243;Hýskov;;;;;50474;Hýskov;917834;Pod Klukem;è.p.;687;;;26706;770570.95;1049450.81;2021-01-20T00:00:00
81445521;531243;Hýskov;;;;;50474;Hýskov;917834;Pod Klukem;è.p.;691;;;26706;770586.90;1049388.85;2021-01-20T00:00:00
81550944;531243;Hýskov;;;;;50474;Hýskov;;;è.ev.;206;;;26706;770094.81;1049336.77;2021-03-03T00:00:00
81651864;531243;Hýskov;;;;;50474;Hýskov;917834;Pod Klukem;è.p.;693;;;26706;770592.24;1049344.15;2021-04-15T00:00:00
81803010;531243;Hýskov;;;;;50474;Hýskov;2108062;K Palouèku;è.p.;716;;;26706;770633.94;1049605.93;2021-05-10T00:00:00
81839324;531243;Hýskov;;;;;50474;Hýskov;917834;Pod Klukem;è.p.;701;;;26706;770564.56;1049267.80;2021-05-25T00:00:00
81839651;531243;Hýskov;;;;;50474;Hýskov;917834;Pod Klukem;è.p.;686;;;26706;770600.68;1049440.28;2021-05-25T00:00:00
81842139;531243;Hýskov;;;;;50474;Hýskov;917834;Pod Klukem;è.p.;683;;;26706;770594.88;1049485.03;2021-05-26T00:00:00
81874413;531243;Hýskov;;;;;50474;Hýskov;2142449;U Statku;è.p.;777;;;26706;770777.29;1049814.16;2021-06-07T00:00:00
82032891;531243;Hýskov;;;;;50474;Hýskov;2108062;K Palouèku;è.p.;728;;;26706;770774.53;1049551.38;2021-08-18T00:00:00
82033234;531243;Hýskov;;;;;50474;Hýskov;758175;K Jakubinì;è.p.;597;;;26706;770474.90;1049662.70;2021-08-18T00:00:00
82251851;531243;Hýskov;;;;;50474;Hýskov;2142449;U Statku;è.p.;743;;;26706;770705.22;1049697.58;2021-11-10T00:00:00
82257400;531243;Hýskov;;;;;50474;Hýskov;917834;Pod Klukem;è.p.;685;;;26706;770622.23;1049429.63;2021-11-11T00:00:00
82331324;531243;Hýskov;;;;;50474;Hýskov;917834;Pod Klukem;è.p.;680;;;26706;770590.67;1049532.36;2021-12-09T00:00:00
82431906;531243;Hýskov;;;;;50474;Hýskov;2107821;Františka Nepila;è.p.;752;;;26706;770660.87;1049687.99;2022-01-04T00:00:00
82436291;531243;Hýskov;;;;;50474;Hýskov;10677;Na Vartì;è.p.;770;;;26706;770449.68;1050063.63;2022-01-05T00:00:00
82445958;531243;Hýskov;;;;;50474;Hýskov;723185;Na Vinièkách;è.p.;574;;;26706;771231.76;1049573.25;2022-01-10T00:00:00
82537348;531243;Hýskov;;;;;50474;Hýskov;917834;Pod Klukem;è.p.;709;;;26706;770446.69;1049093.39;2022-01-31T00:00:00
82537500;531243;Hýskov;;;;;50474;Hýskov;917834;Pod Klukem;è.p.;649;;;26706;770370.60;1049149.19;2022-01-31T00:00:00
82597677;531243;Hýskov;;;;;50474;Hýskov;;;è.ev.;198;;;26706;769647.91;1049376.87;2022-02-08T00:00:00
82803366;531243;Hýskov;;;;;50474;Hýskov;780804;Luèní;è.p.;624;;;26706;770960.33;1049731.60;2022-04-05T00:00:00
82898235;531243;Hýskov;;;;;50474;Hýskov;780791;Nad Sokolovnou;è.p.;544;;;26706;770845.21;1049818.07;2022-04-25T00:00:00
82947228;531243;Hýskov;;;;;50474;Hýskov;758175;K Jakubinì;è.p.;714;;;26706;770280.35;1049412.64;2022-05-11T00:00:00
82947686;531243;Hýskov;;;;;50474;Hýskov;758175;K Jakubinì;è.p.;712;;;26706;770288.01;1049432.99;2022-05-11T00:00:00
82947767;531243;Hýskov;;;;;50474;Hýskov;758175;K Jakubinì;è.p.;711;;;26706;770292.71;1049447.62;2022-05-11T00:00:00
82947856;531243;Hýskov;;;;;50474;Hýskov;758175;K Jakubinì;è.p.;715;;;26706;770275.56;1049407.56;2022-05-11T00:00:00
82947902;531243;Hýskov;;;;;50474;Hýskov;758175;K Jakubinì;è.p.;713;;;26706;770283.25;1049427.62;2022-05-11T00:00:00
83037837;531243;Hýskov;;;;;50474;Hýskov;917834;Pod Klukem;è.p.;661;;;26706;770381.20;1049271.61;2022-06-13T00:00:00
83263926;531243;Hýskov;;;;;50474;Hýskov;2108062;K Palouèku;è.p.;790;;;26706;770591.89;1049662.97;2022-09-08T00:00:00
83268022;531243;Hýskov;;;;;50474;Hýskov;758175;K Jakubinì;è.p.;598;;;26706;770448.57;1049680.66;2022-09-08T00:00:00
83350217;531243;Hýskov;;;;;50474;Hýskov;2108062;K Palouèku;è.p.;729;;;26706;770745.45;1049562.35;2022-10-11T00:00:00
84607351;531243;Hýskov;;;;;50474;Hýskov;780791;Nad Sokolovnou;è.p.;778;;;26706;770832.84;1049903.94;2023-01-02T00:00:00
84653311;531243;Hýskov;;;;;50474;Hýskov;10669;Na Krétì;è.p.;771;;;26706;770105.44;1050164.91;2022-12-22T00:00:00
85112097;531243;Hýskov;;;;;50474;Hýskov;;;è.ev.;48;;;26706;771116.63;1048652.69;2023-04-18T00:00:00
85128899;531243;Hýskov;;;;;50474;Hýskov;10634;Kladenská;è.p.;757;;;26706;770553.88;1049759.09;2023-04-25T00:00:00
85314269;531243;Hýskov;;;;;50474;Hýskov;10677;Na Vartì;è.p.;772;;;26706;770403.62;1050080.01;2023-06-22T00:00:00
85566233;531243;Hýskov;;;;;50474;Hýskov;2107821;Františka Nepila;è.p.;756;;;26706;770846.73;1049543.51;2023-09-01T00:00:00
85746932;531243;Hýskov;;;;;50474;Hýskov;758175;K Jakubinì;è.p.;788;;;26706;770264.97;1049389.64;2023-11-09T00:00:00
85746991;531243;Hýskov;;;;;50474;Hýskov;758175;K Jakubinì;è.p.;787;;;26706;770269.46;1049394.70;2023-11-09T00:00:00
85747017;531243;Hýskov;;;;;50474;Hýskov;758175;K Jakubinì;è.p.;789;;;26706;770257.46;1049378.30;2023-11-09T00:00:00
85846449;531243;Hýskov;;;;;50474;Hýskov;10669;Na Krétì;è.p.;796;;;26706;770649.61;1050358.61;2023-12-08T00:00:00
85871541;531243;Hýskov;;;;;50474;Hýskov;780782;Okružní;è.p.;785;;;26706;771664.59;1049697.53;2023-12-15T00:00:00
86021460;531243;Hýskov;;;;;50474;Hýskov;917834;Pod Klukem;è.p.;645;;;26706;770305.07;1049237.14;2024-02-21T00:00:00
86369229;531243;Hýskov;;;;;50474;Hýskov;2108062;K Palouèku;è.p.;730;;;26706;770709.71;1049560.96;2024-07-24T00:00:00
86576241;531243;Hýskov;;;;;50474;Hýskov;2142449;U Statku;è.p.;746;;;26706;770628.15;1049806.90;2024-10-16T00:00:00
86585479;531243;Hýskov;;;;;50474;Hýskov;917834;Pod Klukem;è.p.;669;;;26706;770483.31;1049276.79;2024-10-22T00:00:00
86782631;531243;Hýskov;;;;;50474;Hýskov;2108062;K Palouèku;è.p.;721;;;26706;770687.71;1049478.15;2025-03-05T00:00:00
86785290;531243;Hýskov;;;;;50474;Hýskov;723185;Na Vinièkách;è.p.;605;605;;26706;771279.98;1049722.77;2025-01-30T00:00:00
87242559;531243;Hýskov;;;;;50474;Hýskov;917834;Pod Klukem;è.p.;644;;;26706;770306.40;1049256.64;2025-08-21T00:00:00
87356538;531243;Hýskov;;;;;50474;Hýskov;2142449;U Statku;è.p.;776;;;26706;770792.30;1049846.98;2025-10-30T00:00:00
87574993;531243;Hýskov;;;;;50474;Hýskov;727377;Za Humny;è.p.;878;;;26706;771086.90;1049646.94;2026-01-15T00:00:00
