Kód ADM;Kód obce;Název obce;Kód MOMC;Název MOMC;Kód obvodu Prahy;Název obvodu Prahy;Kód èásti obce;Název èásti obce;Kód ulice;Název ulice;Typ SO;Èíslo domovní;Èíslo orientaèní;Znak èísla orientaèního;PSÈ;Souøadnice Y;Souøadnice X;Platí Od
6112986;534731;Cítov;;;;;16471;Daminìves;;;è.p.;1;;;27704;741219.68;1012581.33;2013-12-07T00:00:00
6113001;534731;Cítov;;;;;16471;Daminìves;;;è.p.;3;;;27704;741223.85;1012698.35;2013-12-07T00:00:00
6113010;534731;Cítov;;;;;16471;Daminìves;;;è.p.;4;;;27704;741289.02;1012646.14;2013-12-07T00:00:00
6113028;534731;Cítov;;;;;16471;Daminìves;;;è.p.;5;;;27704;741293.54;1012621.32;2013-12-07T00:00:00
6113036;534731;Cítov;;;;;16471;Daminìves;;;è.p.;6;;;27704;741313.82;1012613.59;2024-11-01T00:00:00
6113044;534731;Cítov;;;;;16471;Daminìves;;;è.p.;7;;;27704;741358.55;1012593.44;2013-12-07T00:00:00
6113052;534731;Cítov;;;;;16471;Daminìves;;;è.p.;8;;;27704;741361.53;1012564.14;2013-12-07T00:00:00
6113061;534731;Cítov;;;;;16471;Daminìves;;;è.p.;9;;;27704;741332.15;1012546.75;2013-12-07T00:00:00
6113087;534731;Cítov;;;;;16471;Daminìves;;;è.p.;12;;;27704;741252.39;1012512.39;2013-12-07T00:00:00
6113095;534731;Cítov;;;;;16471;Daminìves;;;è.p.;13;;;27704;741234.10;1012523.89;2013-12-07T00:00:00
6113109;534731;Cítov;;;;;16471;Daminìves;;;è.p.;17;;;27704;741288.17;1012504.26;2013-12-07T00:00:00
6113117;534731;Cítov;;;;;16471;Daminìves;;;è.p.;18;;;27704;741290.02;1012579.51;2013-12-07T00:00:00
6113125;534731;Cítov;;;;;16471;Daminìves;;;è.p.;20;;;27704;741303.42;1012583.78;2013-12-07T00:00:00
6113133;534731;Cítov;;;;;16471;Daminìves;;;è.p.;21;;;27704;741285.69;1012594.54;2013-12-07T00:00:00
6113141;534731;Cítov;;;;;16471;Daminìves;;;è.p.;22;;;27704;741277.39;1012563.71;2013-12-07T00:00:00
6113150;534731;Cítov;;;;;16471;Daminìves;;;è.p.;24;;;27704;741333.31;1012503.77;2013-12-07T00:00:00
6113168;534731;Cítov;;;;;16471;Daminìves;;;è.p.;25;;;27704;741317.36;1012568.54;2013-12-07T00:00:00
6113176;534731;Cítov;;;;;16471;Daminìves;;;è.p.;26;;;27704;741261.78;1012493.52;2013-12-07T00:00:00
6113184;534731;Cítov;;;;;16471;Daminìves;;;è.p.;28;;;27704;741206.57;1012547.04;2013-12-07T00:00:00
6113192;534731;Cítov;;;;;16471;Daminìves;;;è.p.;29;;;27704;741333.28;1012461.90;2013-12-07T00:00:00
6113206;534731;Cítov;;;;;16471;Daminìves;;;è.p.;30;;;27704;741357.85;1012471.05;2013-12-07T00:00:00
6113214;534731;Cítov;;;;;16471;Daminìves;;;è.p.;31;;;27704;741307.85;1012489.17;2013-12-07T00:00:00
6113222;534731;Cítov;;;;;16471;Daminìves;;;è.p.;32;;;27704;741314.71;1012477.73;2013-12-07T00:00:00
6113231;534731;Cítov;;;;;16471;Daminìves;;;è.p.;33;;;27704;741322.89;1012469.50;2013-12-07T00:00:00
6113249;534731;Cítov;;;;;16471;Daminìves;;;è.p.;34;;;27704;741387.50;1012586.69;2013-12-07T00:00:00
6113257;534731;Cítov;;;;;16471;Daminìves;;;è.p.;35;;;27704;741214.45;1012683.24;2013-12-07T00:00:00
6113265;534731;Cítov;;;;;16471;Daminìves;;;è.p.;36;;;27704;741148.50;1012577.22;2013-12-07T00:00:00
6117767;534731;Cítov;;;;;17841;Cítov;;;è.p.;1;;;27704;740258.29;1011341.71;2021-08-27T00:00:00
6117775;534731;Cítov;;;;;17841;Cítov;;;è.p.;2;;;27704;740171.94;1011378.69;2013-12-07T00:00:00
6117783;534731;Cítov;;;;;17841;Cítov;;;è.p.;3;;;27704;740141.21;1011400.83;2023-05-23T00:00:00
6117791;534731;Cítov;;;;;17841;Cítov;;;è.p.;4;;;27704;740120.17;1011399.35;2023-02-10T00:00:00
6117805;534731;Cítov;;;;;17841;Cítov;;;è.p.;5;;;27704;740104.34;1011407.52;2021-08-27T00:00:00
6117813;534731;Cítov;;;;;17841;Cítov;;;è.p.;6;;;27704;740085.19;1011404.56;2013-12-07T00:00:00
6117821;534731;Cítov;;;;;17841;Cítov;;;è.p.;7;;;27704;740065.67;1011412.52;2021-08-27T00:00:00
6117830;534731;Cítov;;;;;17841;Cítov;;;è.p.;8;;;27704;739999.77;1011397.50;2021-08-27T00:00:00
6117848;534731;Cítov;;;;;17841;Cítov;;;è.p.;9;;;27704;740034.31;1011430.44;2013-12-07T00:00:00
6117856;534731;Cítov;;;;;17841;Cítov;;;è.p.;10;;;27704;740052.72;1011455.30;2021-08-27T00:00:00
6117864;534731;Cítov;;;;;17841;Cítov;;;è.p.;11;;;27704;740037.84;1011479.39;2022-10-14T00:00:00
6117872;534731;Cítov;;;;;17841;Cítov;;;è.p.;13;;;27704;740005.77;1011494.01;2013-12-07T00:00:00
6117881;534731;Cítov;;;;;17841;Cítov;;;è.p.;16;;;27704;739957.19;1011507.51;2021-09-02T00:00:00
6117899;534731;Cítov;;;;;17841;Cítov;;;è.p.;17;;;27704;739942.17;1011511.98;2023-08-23T00:00:00
6117902;534731;Cítov;;;;;17841;Cítov;;;è.p.;18;;;27704;739715.50;1011590.75;2013-12-07T00:00:00
6117911;534731;Cítov;;;;;17841;Cítov;;;è.p.;19;;;27704;739903.16;1011527.11;2021-09-21T00:00:00
6117929;534731;Cítov;;;;;17841;Cítov;;;è.p.;20;;;27704;739893.02;1011525.05;2021-09-06T00:00:00
6117937;534731;Cítov;;;;;17841;Cítov;;;è.p.;21;;;27704;739859.56;1011525.63;2013-12-07T00:00:00
6117945;534731;Cítov;;;;;17841;Cítov;;;è.p.;22;;;27704;739844.07;1011535.51;2021-09-06T00:00:00
6117953;534731;Cítov;;;;;17841;Cítov;;;è.p.;23;;;27704;739939.22;1011538.86;2021-09-07T00:00:00
6117961;534731;Cítov;;;;;17841;Cítov;;;è.p.;24;;;27704;739829.26;1011536.25;2021-09-07T00:00:00
6117970;534731;Cítov;;;;;17841;Cítov;;;è.p.;26;;;27704;739942.56;1011570.88;2013-12-07T00:00:00
6117988;534731;Cítov;;;;;17841;Cítov;;;è.p.;27;;;27704;739925.45;1011554.36;2021-09-07T00:00:00
6117996;534731;Cítov;;;;;17841;Cítov;;;è.p.;28;;;27704;739989.24;1011533.85;2023-04-05T00:00:00
6118003;534731;Cítov;;;;;17841;Cítov;;;è.p.;29;;;27704;739998.18;1011533.11;2025-01-17T00:00:00
6118011;534731;Cítov;;;;;17841;Cítov;;;è.p.;30;;;27704;740017.75;1011521.88;2013-12-07T00:00:00
6118020;534731;Cítov;;;;;17841;Cítov;;;è.p.;31;;;27704;740058.00;1011501.31;2013-12-07T00:00:00
6118038;534731;Cítov;;;;;17841;Cítov;;;è.p.;32;;;27704;740321.46;1009318.92;2021-09-16T00:00:00
6118046;534731;Cítov;;;;;17841;Cítov;;;è.p.;34;;;27704;740058.80;1011556.54;2021-09-07T00:00:00
6118062;534731;Cítov;;;;;17841;Cítov;;;è.p.;36;;;27704;740088.56;1011562.91;2022-11-28T00:00:00
6118071;534731;Cítov;;;;;17841;Cítov;;;è.p.;37;;;27704;740087.38;1011605.19;2013-12-07T00:00:00
6118089;534731;Cítov;;;;;17841;Cítov;;;è.p.;38;;;27704;740104.10;1011625.09;2021-09-07T00:00:00
6118097;534731;Cítov;;;;;17841;Cítov;;;è.p.;39;;;27704;740135.05;1011606.01;2023-05-23T00:00:00
6118101;534731;Cítov;;;;;17841;Cítov;;;è.p.;40;;;27704;740370.44;1011735.17;2019-09-23T00:00:00
6118119;534731;Cítov;;;;;17841;Cítov;;;è.p.;41;;;27704;740150.85;1011579.95;2013-12-07T00:00:00
6118127;534731;Cítov;;;;;17841;Cítov;;;è.p.;42;;;27704;740136.60;1011573.90;2021-09-07T00:00:00
6118135;534731;Cítov;;;;;17841;Cítov;;;è.p.;43;;;27704;740132.08;1011565.56;2021-09-07T00:00:00
6118143;534731;Cítov;;;;;17841;Cítov;;;è.p.;44;;;27704;739896.61;1011568.15;2023-06-07T00:00:00
6118151;534731;Cítov;;;;;17841;Cítov;;;è.p.;46;;;27704;740163.79;1011540.83;2021-09-07T00:00:00
6118160;534731;Cítov;;;;;17841;Cítov;;;è.p.;47;;;27704;740210.40;1011536.44;2021-09-07T00:00:00
6118178;534731;Cítov;;;;;17841;Cítov;;;è.p.;48;;;27704;739865.96;1011556.23;2018-03-22T00:00:00
6118186;534731;Cítov;;;;;17841;Cítov;;;è.p.;49;;;27704;740197.86;1011572.69;2021-09-16T00:00:00
6118194;534731;Cítov;;;;;17841;Cítov;;;è.p.;52;;;27704;740265.23;1011586.15;2021-09-10T00:00:00
6118208;534731;Cítov;;;;;17841;Cítov;;;è.p.;54;;;27704;740218.81;1011644.56;2013-12-07T00:00:00
6118216;534731;Cítov;;;;;17841;Cítov;;;è.p.;55;;;27704;740123.04;1011490.42;2021-09-10T00:00:00
6118232;534731;Cítov;;;;;17841;Cítov;;;è.p.;57;;;27704;740269.69;1011636.00;2013-12-07T00:00:00
6118241;534731;Cítov;;;;;17841;Cítov;;;è.p.;58;;;27704;740318.31;1011671.88;2013-12-07T00:00:00
6118259;534731;Cítov;;;;;17841;Cítov;;;è.p.;59;;;27704;740319.81;1011693.19;2013-12-07T00:00:00
6118267;534731;Cítov;;;;;17841;Cítov;;;è.p.;60;;;27704;740321.45;1011715.72;2021-09-10T00:00:00
6118275;534731;Cítov;;;;;17841;Cítov;;;è.p.;61;;;27704;740328.85;1011727.73;2021-09-10T00:00:00
6118283;534731;Cítov;;;;;17841;Cítov;;;è.p.;62;;;27704;740340.01;1011751.80;2021-09-10T00:00:00
6118291;534731;Cítov;;;;;17841;Cítov;;;è.p.;63;;;27704;739836.49;1011592.85;2021-09-10T00:00:00
6118305;534731;Cítov;;;;;17841;Cítov;;;è.p.;65;;;27704;740302.25;1011818.13;2013-12-07T00:00:00
6118330;534731;Cítov;;;;;17841;Cítov;;;è.p.;69;;;27704;740368.31;1011708.52;2021-09-10T00:00:00
6118348;534731;Cítov;;;;;17841;Cítov;;;è.p.;70;;;27704;740364.24;1011684.23;2021-09-17T00:00:00
6118356;534731;Cítov;;;;;17841;Cítov;;;è.p.;71;;;27704;740368.60;1011668.24;2017-02-08T00:00:00
6118364;534731;Cítov;;;;;17841;Cítov;;;è.p.;72;;;27704;740369.19;1011648.31;2013-12-07T00:00:00
6118372;534731;Cítov;;;;;17841;Cítov;;;è.p.;73;;;27704;740372.19;1011638.19;2013-12-07T00:00:00
6118381;534731;Cítov;;;;;17841;Cítov;;;è.p.;74;;;27704;740358.22;1011568.77;2022-12-15T00:00:00
6118399;534731;Cítov;;;;;17841;Cítov;;;è.p.;76;;;27704;740351.46;1011528.75;2021-09-17T00:00:00
6118402;534731;Cítov;;;;;17841;Cítov;;;è.p.;77;;;27704;740351.64;1011507.01;2021-09-17T00:00:00
6118411;534731;Cítov;;;;;17841;Cítov;;;è.p.;78;;;27704;740358.56;1011482.88;2013-12-07T00:00:00
6118429;534731;Cítov;;;;;17841;Cítov;;;è.p.;79;;;27704;740031.75;1011225.19;2013-12-07T00:00:00
6118437;534731;Cítov;;;;;17841;Cítov;;;è.p.;80;;;27704;740374.96;1011448.61;2019-09-23T00:00:00
6118445;534731;Cítov;;;;;17841;Cítov;;;è.p.;81;;;27704;740346.35;1011429.18;2023-05-02T00:00:00
6118453;534731;Cítov;;;;;17841;Cítov;;;è.p.;82;;;27704;740365.94;1011595.06;2021-09-17T00:00:00
6118461;534731;Cítov;;;;;17841;Cítov;;;è.p.;83;;;27704;740328.68;1011393.97;2021-09-20T00:00:00
6118470;534731;Cítov;;;;;17841;Cítov;;;è.p.;84;;;27704;740322.68;1011378.00;2021-09-20T00:00:00
6118488;534731;Cítov;;;;;17841;Cítov;;;è.p.;85;;;27704;740044.17;1011242.23;2021-09-20T00:00:00
6118496;534731;Cítov;;;;;17841;Cítov;;;è.p.;86;;;27704;740272.01;1011377.56;2021-09-20T00:00:00
6118500;534731;Cítov;;;;;17841;Cítov;;;è.p.;87;;;27704;739671.55;1011598.12;2023-09-07T00:00:00
6118518;534731;Cítov;;;;;17841;Cítov;;;è.p.;88;;;27704;740284.48;1011443.31;2021-09-20T00:00:00
6118526;534731;Cítov;;;;;17841;Cítov;;;è.p.;90;;;27704;740197.18;1011436.76;2022-05-23T00:00:00
6118534;534731;Cítov;;;;;17841;Cítov;;;è.p.;92;;;27704;740239.94;1011510.08;2023-08-16T00:00:00
6118542;534731;Cítov;;;;;17841;Cítov;;;è.p.;93;;;27704;740299.48;1011552.68;2021-09-20T00:00:00
6118551;534731;Cítov;;;;;17841;Cítov;;;è.p.;94;;;27704;739881.42;1011522.20;2013-12-07T00:00:00
6118569;534731;Cítov;;;;;17841;Cítov;;;è.p.;95;;;27704;740298.47;1011479.42;2021-09-20T00:00:00
6118577;534731;Cítov;;;;;17841;Cítov;;;è.p.;96;;;27704;740443.72;1011325.33;2021-09-20T00:00:00
6118585;534731;Cítov;;;;;17841;Cítov;;;è.p.;98;;;27704;740486.24;1011277.77;2021-09-20T00:00:00
6118607;534731;Cítov;;;;;17841;Cítov;;;è.p.;100;;;27704;740365.06;1011353.06;2013-12-07T00:00:00
6118615;534731;Cítov;;;;;17841;Cítov;;;è.p.;101;;;27704;740288.13;1011269.42;2021-09-23T00:00:00
6118623;534731;Cítov;;;;;17841;Cítov;;;è.p.;102;;;27704;740544.76;1011238.94;2021-09-20T00:00:00
6118631;534731;Cítov;;;;;17841;Cítov;;;è.p.;103;;;27704;740510.45;1011250.27;2021-09-20T00:00:00
6118640;534731;Cítov;;;;;17841;Cítov;;;è.p.;104;;;27704;740473.06;1011252.31;2013-12-07T00:00:00
6118658;534731;Cítov;;;;;17841;Cítov;;;è.p.;105;;;27704;740165.62;1011277.95;2021-09-20T00:00:00
6118666;534731;Cítov;;;;;17841;Cítov;;;è.p.;106;;;27704;740153.29;1011279.29;2021-09-20T00:00:00
6118674;534731;Cítov;;;;;17841;Cítov;;;è.p.;107;;;27704;740140.94;1011282.35;2021-09-20T00:00:00
6118682;534731;Cítov;;;;;17841;Cítov;;;è.p.;108;;;27704;740147.28;1011261.80;2021-09-20T00:00:00
6118691;534731;Cítov;;;;;17841;Cítov;;;è.p.;109;;;27704;740119.30;1011271.56;2021-09-21T00:00:00
6118704;534731;Cítov;;;;;17841;Cítov;;;è.p.;110;;;27704;740106.68;1011275.34;2023-06-12T00:00:00
6118712;534731;Cítov;;;;;17841;Cítov;;;è.p.;111;;;27704;740091.16;1011268.23;2021-09-20T00:00:00
6118721;534731;Cítov;;;;;17841;Cítov;;;è.p.;112;;;27704;740084.89;1011293.64;2021-09-20T00:00:00
6118739;534731;Cítov;;;;;17841;Cítov;;;è.p.;113;;;27704;740754.03;1009349.73;2021-09-22T00:00:00
6118747;534731;Cítov;;;;;17841;Cítov;;;è.p.;114;;;27704;740774.70;1009335.65;2021-09-21T00:00:00
6118755;534731;Cítov;;;;;17841;Cítov;;;è.p.;115;;;27704;739771.64;1010432.10;2021-09-23T00:00:00
6118763;534731;Cítov;;;;;17841;Cítov;;;è.p.;116;;;27704;739956.21;1011558.32;2021-09-23T00:00:00
6118771;534731;Cítov;;;;;17841;Cítov;;;è.p.;117;;;27704;740585.10;1011209.87;2021-09-22T00:00:00
6118780;534731;Cítov;;;;;17841;Cítov;;;è.p.;118;;;27704;740228.62;1011477.43;2021-09-22T00:00:00
6118798;534731;Cítov;;;;;17841;Cítov;;;è.p.;119;;;27704;739850.50;1011566.71;2021-09-22T00:00:00
6118801;534731;Cítov;;;;;17841;Cítov;;;è.p.;120;;;27704;739823.07;1011566.03;2021-09-22T00:00:00
6118810;534731;Cítov;;;;;17841;Cítov;;;è.p.;121;;;27704;739881.12;1011578.78;2021-09-22T00:00:00
6118828;534731;Cítov;;;;;17841;Cítov;;;è.p.;122;;;27704;739922.17;1011577.78;2021-09-22T00:00:00
6118836;534731;Cítov;;;;;17841;Cítov;;;è.p.;123;;;27704;740610.55;1011205.00;2021-09-22T00:00:00
6118844;534731;Cítov;;;;;17841;Cítov;;;è.p.;124;;;27704;739968.05;1011526.23;2021-09-22T00:00:00
6118852;534731;Cítov;;;;;17841;Cítov;;;è.p.;125;;;27704;739431.19;1011780.31;2021-09-22T00:00:00
6118861;534731;Cítov;;;;;17841;Cítov;;;è.p.;126;;;27704;739824.21;1011598.84;2021-09-22T00:00:00
6118879;534731;Cítov;;;;;17841;Cítov;;;è.p.;127;;;27704;739811.07;1011566.75;2021-09-23T00:00:00
6118887;534731;Cítov;;;;;17841;Cítov;;;è.p.;128;;;27704;739870.86;1011524.63;2013-12-07T00:00:00
6118895;534731;Cítov;;;;;17841;Cítov;;;è.p.;129;;;27704;739809.62;1011601.48;2021-09-23T00:00:00
6118909;534731;Cítov;;;;;17841;Cítov;;;è.p.;130;;;27704;739793.53;1011580.27;2021-09-23T00:00:00
6118917;534731;Cítov;;;;;17841;Cítov;;;è.p.;131;;;27704;740304.26;1011423.87;2021-09-23T00:00:00
6118933;534731;Cítov;;;;;17841;Cítov;;;è.p.;133;;;27704;740583.66;1011170.48;2019-05-24T00:00:00
6118941;534731;Cítov;;;;;17841;Cítov;;;è.p.;134;;;27704;740601.57;1011175.02;2021-09-24T00:00:00
6118950;534731;Cítov;;;;;17841;Cítov;;;è.p.;135;;;27704;740615.37;1011164.87;2021-09-24T00:00:00
6118968;534731;Cítov;;;;;17841;Cítov;;;è.p.;136;;;27704;740566.91;1011223.85;2022-01-31T00:00:00
6118984;534731;Cítov;;;;;17841;Cítov;;;è.p.;138;;;27704;740508.38;1011195.49;2019-09-26T00:00:00
6118992;534731;Cítov;;;;;17841;Cítov;;;è.p.;140;;;27704;740646.87;1011199.86;2021-09-24T00:00:00
6119000;534731;Cítov;;;;;17841;Cítov;;;è.p.;141;;;27704;740627.10;1011203.38;2021-09-24T00:00:00
6119018;534731;Cítov;;;;;17841;Cítov;;;è.p.;142;;;27704;740091.16;1011485.04;2021-09-24T00:00:00
6119026;534731;Cítov;;;;;17841;Cítov;;;è.p.;143;;;27704;739902.24;1011595.01;2022-12-05T00:00:00
6119034;534731;Cítov;;;;;17841;Cítov;;;è.p.;144;;;27704;740660.44;1011196.27;2025-03-20T00:00:00
6119051;534731;Cítov;;;;;17841;Cítov;;;è.p.;146;;;27704;739987.45;1011498.15;2021-09-24T00:00:00
6119069;534731;Cítov;;;;;17841;Cítov;;;è.p.;147;;;27704;739930.02;1011513.50;2021-09-27T00:00:00
6119077;534731;Cítov;;;;;17841;Cítov;;;è.p.;148;;;27704;740330.88;1011568.72;2021-09-27T00:00:00
6119093;534731;Cítov;;;;;17841;Cítov;;;è.p.;151;;;27704;740167.50;1011480.67;2021-08-26T00:00:00
6119107;534731;Cítov;;;;;17841;Cítov;;;è.p.;152;;;27704;739833.58;1011561.29;2021-09-27T00:00:00
6119115;534731;Cítov;;;;;17841;Cítov;;;è.p.;153;;;27704;739775.50;1011616.81;2013-12-07T00:00:00
6119123;534731;Cítov;;;;;17841;Cítov;;;è.p.;154;;;27704;740670.86;1011194.03;2022-06-21T00:00:00
6119131;534731;Cítov;;;;;17841;Cítov;;;è.p.;155;;;27704;740683.95;1011190.58;2021-09-27T00:00:00
6119140;534731;Cítov;;;;;17841;Cítov;;;è.p.;156;;;27704;740695.12;1011183.18;2025-08-18T00:00:00
6119158;534731;Cítov;;;;;17841;Cítov;;;è.p.;158;;;27704;740664.83;1011154.54;2021-09-27T00:00:00
6119166;534731;Cítov;;;;;17841;Cítov;;;è.p.;159;;;27704;740643.68;1011160.26;2021-09-29T00:00:00
6119174;534731;Cítov;;;;;17841;Cítov;;;è.p.;160;;;27704;740630.30;1011160.58;2021-10-02T00:00:00
6119182;534731;Cítov;;;;;17841;Cítov;;;è.p.;161;;;27704;740490.84;1011196.77;2021-09-27T00:00:00
6119204;534731;Cítov;;;;;17841;Cítov;;;è.p.;163;;;27704;739861.81;1011617.73;2021-09-27T00:00:00
6119212;534731;Cítov;;;;;17841;Cítov;;;è.p.;164;;;27704;739830.67;1011629.97;2021-09-29T00:00:00
6119239;534731;Cítov;;;;;17841;Cítov;;;è.p.;166;;;27704;739892.72;1011554.78;2021-09-29T00:00:00
6119247;534731;Cítov;;;;;17841;Cítov;;;è.p.;167;;;27704;740462.54;1011291.66;2021-09-29T00:00:00
6119255;534731;Cítov;;;;;17841;Cítov;;;è.p.;168;;;27704;739904.84;1011518.85;2022-08-15T00:00:00
6119263;534731;Cítov;;;;;17841;Cítov;;;è.p.;169;;;27704;739915.11;1011559.26;2023-02-22T00:00:00
6119271;534731;Cítov;;;;;17841;Cítov;;;è.p.;170;;;27704;739810.46;1011580.74;2021-09-29T00:00:00
6119280;534731;Cítov;;;;;17841;Cítov;;;è.p.;171;;;27704;740722.47;1011179.96;2021-09-29T00:00:00
6119298;534731;Cítov;;;;;17841;Cítov;;;è.p.;172;;;27704;740768.10;1011168.67;2021-09-29T00:00:00
6119301;534731;Cítov;;;;;17841;Cítov;;;è.p.;173;;;27704;740362.52;1011753.44;2021-09-29T00:00:00
6119310;534731;Cítov;;;;;17841;Cítov;;;è.p.;174;;;27704;740716.75;1011145.29;2021-09-29T00:00:00
6119328;534731;Cítov;;;;;17841;Cítov;;;è.p.;175;;;27704;739846.13;1011624.88;2013-12-07T00:00:00
6119336;534731;Cítov;;;;;17841;Cítov;;;è.p.;176;;;27704;739800.90;1011639.61;2021-09-29T00:00:00
6119344;534731;Cítov;;;;;17841;Cítov;;;è.p.;177;;;27704;740729.72;1011139.58;2021-09-29T00:00:00
6119352;534731;Cítov;;;;;17841;Cítov;;;è.p.;178;;;27704;740696.72;1011148.65;2021-09-29T00:00:00
6119361;534731;Cítov;;;;;17841;Cítov;;;è.p.;179;;;27704;740742.67;1011129.12;2021-09-29T00:00:00
6119379;534731;Cítov;;;;;17841;Cítov;;;è.p.;180;;;27704;740712.34;1009340.69;2021-10-04T00:00:00
6119387;534731;Cítov;;;;;17841;Cítov;;;è.p.;181;;;27704;739496.00;1011502.25;2013-12-07T00:00:00
6119395;534731;Cítov;;;;;17841;Cítov;;;è.p.;183;;;27704;740046.50;1011438.56;2013-12-07T00:00:00
6119409;534731;Cítov;;;;;17841;Cítov;;;è.p.;184;;;27704;740711.98;1011189.08;2021-09-29T00:00:00
6119417;534731;Cítov;;;;;17841;Cítov;;;è.p.;185;;;27704;740557.54;1011167.70;2021-09-29T00:00:00
6119425;534731;Cítov;;;;;17841;Cítov;;;è.p.;186;;;27704;740570.31;1011171.65;2021-09-29T00:00:00
6119433;534731;Cítov;;;;;17841;Cítov;;;è.p.;187;;;27704;740546.35;1011183.26;2021-09-29T00:00:00
6119441;534731;Cítov;;;;;17841;Cítov;;;è.p.;188;;;27704;739778.10;1011644.92;2022-01-25T00:00:00
6119450;534731;Cítov;;;;;17841;Cítov;;;è.p.;189;;;27704;740169.06;1011442.37;2021-09-29T00:00:00
6119468;534731;Cítov;;;;;17841;Cítov;;;è.p.;190;;;27704;740733.78;1011176.24;2021-09-30T00:00:00
6119476;534731;Cítov;;;;;17841;Cítov;;;è.p.;191;;;27704;739805.65;1011544.85;2021-09-30T00:00:00
6119484;534731;Cítov;;;;;17841;Cítov;;;è.p.;192;;;27704;739768.58;1011547.01;2021-09-30T00:00:00
6119492;534731;Cítov;;;;;17841;Cítov;;;è.p.;193;;;27704;739783.55;1011546.96;2021-09-30T00:00:00
6119506;534731;Cítov;;;;;17841;Cítov;;;è.p.;194;;;27704;740757.61;1011124.69;2021-09-30T00:00:00
6119514;534731;Cítov;;;;;17841;Cítov;;;è.p.;195;;;27704;740485.78;1011256.95;2021-09-30T00:00:00
6119522;534731;Cítov;;;;;17841;Cítov;;;è.p.;196;;;27704;739689.50;1011643.00;2013-12-07T00:00:00
6119531;534731;Cítov;;;;;17841;Cítov;;;è.p.;197;;;27704;739677.57;1011628.35;2021-09-30T00:00:00
6119549;534731;Cítov;;;;;17841;Cítov;;;è.p.;198;;;27704;739675.90;1011606.97;2021-09-30T00:00:00
6119557;534731;Cítov;;;;;17841;Cítov;;;è.p.;199;;;27704;739686.15;1011638.42;2021-09-30T00:00:00
6119565;534731;Cítov;;;;;17841;Cítov;;;è.p.;200;;;27704;740091.67;1011306.75;2021-10-02T00:00:00
6119573;534731;Cítov;;;;;17841;Cítov;;;è.p.;201;;;27704;740094.33;1011318.56;2021-10-04T00:00:00
6119581;534731;Cítov;;;;;17841;Cítov;;;è.p.;202;;;27704;740101.03;1011330.04;2021-10-04T00:00:00
6119590;534731;Cítov;;;;;17841;Cítov;;;è.p.;203;;;27704;740137.09;1011313.66;2021-10-04T00:00:00
6119603;534731;Cítov;;;;;17841;Cítov;;;è.p.;204;;;27704;740089.99;1011345.87;2021-10-04T00:00:00
6119611;534731;Cítov;;;;;17841;Cítov;;;è.p.;205;;;27704;740119.83;1011348.70;2022-07-25T00:00:00
6119620;534731;Cítov;;;;;17841;Cítov;;;è.p.;206;;;27704;740095.99;1011667.43;2013-12-07T00:00:00
6119638;534731;Cítov;;;;;17841;Cítov;;;è.p.;207;;;27704;739674.77;1011583.81;2021-10-04T00:00:00
6119646;534731;Cítov;;;;;17841;Cítov;;;è.p.;208;;;27704;739677.00;1011528.44;2013-12-07T00:00:00
6119654;534731;Cítov;;;;;17841;Cítov;;;è.p.;210;;;27704;739817.33;1011537.47;2021-10-04T00:00:00
6119662;534731;Cítov;;;;;17841;Cítov;;;è.p.;211;;;27704;740130.22;1011513.34;2021-10-04T00:00:00
6119671;534731;Cítov;;;;;17841;Cítov;;;è.p.;212;;;27704;740838.06;1011165.78;2021-10-12T00:00:00
6119689;534731;Cítov;;;;;17841;Cítov;;;è.p.;213;;;27704;739671.60;1011570.57;2013-12-07T00:00:00
6119697;534731;Cítov;;;;;17841;Cítov;;;è.p.;214;;;27704;739671.69;1011560.98;2022-07-25T00:00:00
6119701;534731;Cítov;;;;;17841;Cítov;;;è.p.;215;;;27704;739667.89;1011653.95;2021-10-04T00:00:00
6119719;534731;Cítov;;;;;17841;Cítov;;;è.p.;216;;;27704;739692.67;1011533.10;2023-06-07T00:00:00
6119727;534731;Cítov;;;;;17841;Cítov;;;è.p.;217;;;27704;739745.35;1011547.23;2021-10-04T00:00:00
6119735;534731;Cítov;;;;;17841;Cítov;;;è.p.;218;;;27704;740858.16;1011104.32;2023-08-16T00:00:00
6119743;534731;Cítov;;;;;17841;Cítov;;;è.p.;219;;;27704;739648.69;1011533.95;2021-10-04T00:00:00
6119751;534731;Cítov;;;;;17841;Cítov;;;è.p.;220;;;27704;739633.06;1011517.13;2013-12-07T00:00:00
6119760;534731;Cítov;;;;;17841;Cítov;;;è.p.;221;;;27704;739654.52;1011663.38;2021-10-04T00:00:00
6119778;534731;Cítov;;;;;17841;Cítov;;;è.p.;222;;;27704;739664.09;1011532.89;2021-10-05T00:00:00
6119786;534731;Cítov;;;;;17841;Cítov;;;è.p.;223;;;27704;740119.32;1011500.80;2019-08-22T00:00:00
6119794;534731;Cítov;;;;;17841;Cítov;;;è.p.;224;;;27704;739616.51;1011533.37;2019-09-23T00:00:00
6119808;534731;Cítov;;;;;17841;Cítov;;;è.p.;225;;;27704;740194.78;1011533.48;2021-10-05T00:00:00
6119816;534731;Cítov;;;;;17841;Cítov;;;è.p.;226;;;27704;739604.63;1011518.13;2013-12-07T00:00:00
6119824;534731;Cítov;;;;;17841;Cítov;;;è.p.;227;;;27704;739592.30;1011516.42;2025-06-11T00:00:00
6119832;534731;Cítov;;;;;17841;Cítov;;;è.p.;228;;;27704;739606.86;1011549.00;2021-10-05T00:00:00
6119841;534731;Cítov;;;;;17841;Cítov;;;è.p.;229;;;27704;739578.92;1011521.06;2021-10-05T00:00:00
6119859;534731;Cítov;;;;;17841;Cítov;;;è.p.;230;;;27704;739565.30;1011520.47;2022-12-27T00:00:00
6119867;534731;Cítov;;;;;17841;Cítov;;;è.p.;231;;;27704;740330.92;1011414.08;2021-10-05T00:00:00
6119875;534731;Cítov;;;;;17841;Cítov;;;è.p.;232;;;27704;739639.85;1011669.58;2022-03-04T00:00:00
6119883;534731;Cítov;;;;;17841;Cítov;;;è.p.;233;;;27704;739685.13;1011541.88;2013-12-07T00:00:00
6119891;534731;Cítov;;;;;17841;Cítov;;;è.p.;234;;;27704;739639.43;1011532.85;2022-08-15T00:00:00
6119905;534731;Cítov;;;;;17841;Cítov;;;è.p.;235;;;27704;740841.23;1011139.12;2021-10-05T00:00:00
6119913;534731;Cítov;;;;;17841;Cítov;;;è.p.;236;;;27704;739614.11;1011679.78;2023-02-22T00:00:00
6119921;534731;Cítov;;;;;17841;Cítov;;;è.p.;237;;;27704;739552.65;1011519.09;2021-10-05T00:00:00
6119930;534731;Cítov;;;;;17841;Cítov;;;è.p.;238;;;27704;739534.76;1011506.60;2015-10-05T00:00:00
6119948;534731;Cítov;;;;;17841;Cítov;;;è.p.;239;;;27704;740254.00;1011379.94;2013-12-07T00:00:00
6119956;534731;Cítov;;;;;17841;Cítov;;;è.p.;240;;;27704;740206.00;1011655.00;2013-12-07T00:00:00
6119964;534731;Cítov;;;;;17841;Cítov;;;è.p.;241;;;27704;739626.51;1011669.06;2022-08-15T00:00:00
6119972;534731;Cítov;;;;;17841;Cítov;;;è.p.;242;;;27704;740506.14;1011165.21;2021-10-05T00:00:00
6119981;534731;Cítov;;;;;17841;Cítov;;;è.p.;243;;;27704;740821.16;1011135.79;2021-10-05T00:00:00
6119999;534731;Cítov;;;;;17841;Cítov;;;è.p.;244;;;27704;739616.58;1011551.87;2021-10-06T00:00:00
6120008;534731;Cítov;;;;;17841;Cítov;;;è.p.;245;;;27704;739585.56;1011541.88;2013-12-07T00:00:00
6120016;534731;Cítov;;;;;17841;Cítov;;;è.p.;246;;;27704;739520.12;1011511.58;2021-10-06T00:00:00
6120024;534731;Cítov;;;;;17841;Cítov;;;è.p.;247;;;27704;740291.87;1011468.03;2021-10-06T00:00:00
6120032;534731;Cítov;;;;;17841;Cítov;;;è.p.;248;;;27704;740328.43;1011618.52;2018-11-01T00:00:00
6120041;534731;Cítov;;;;;17841;Cítov;;;è.p.;249;;;27704;739643.47;1011555.98;2021-10-06T00:00:00
6120059;534731;Cítov;;;;;17841;Cítov;;;è.p.;250;;;27704;740816.06;1011088.56;2013-12-07T00:00:00
6120067;534731;Cítov;;;;;17841;Cítov;;;è.p.;251;;;27704;740060.78;1011208.74;2021-10-06T00:00:00
6120075;534731;Cítov;;;;;17841;Cítov;;;è.p.;252;;;27704;740108.81;1011479.21;2021-10-06T00:00:00
6120083;534731;Cítov;;;;;17841;Cítov;;;è.p.;253;;;27704;740125.04;1011463.25;2021-10-06T00:00:00
6120091;534731;Cítov;;;;;17841;Cítov;;;è.p.;254;;;27704;739462.07;1011769.71;2021-10-25T00:00:00
6120105;534731;Cítov;;;;;17841;Cítov;;;è.p.;255;;;27704;740308.28;1011435.77;2021-10-06T00:00:00
6120113;534731;Cítov;;;;;17841;Cítov;;;è.p.;256;;;27704;739410.29;1011808.69;2022-08-15T00:00:00
6120121;534731;Cítov;;;;;17841;Cítov;;;è.p.;257;;;27704;739508.28;1011735.21;2021-10-06T00:00:00
6120130;534731;Cítov;;;;;17841;Cítov;;;è.p.;258;;;27704;739640.15;1011622.86;2022-11-07T00:00:00
6120148;534731;Cítov;;;;;17841;Cítov;;;è.p.;259;;;27704;740787.73;1011111.69;2023-07-26T00:00:00
6120156;534731;Cítov;;;;;17841;Cítov;;;è.p.;260;;;27704;740314.56;1011492.25;2013-12-07T00:00:00
6120164;534731;Cítov;;;;;17841;Cítov;;;è.p.;261;;;27704;740059.55;1011183.81;2021-10-06T00:00:00
6120172;534731;Cítov;;;;;17841;Cítov;;;è.p.;262;;;27704;740066.02;1011238.34;2021-10-06T00:00:00
6120181;534731;Cítov;;;;;17841;Cítov;;;è.p.;263;;;27704;739461.69;1011799.69;2013-12-07T00:00:00
6120199;534731;Cítov;;;;;17841;Cítov;;;è.p.;264;;;27704;739207.89;1011961.83;2021-10-06T00:00:00
6120202;534731;Cítov;;;;;17841;Cítov;;;è.p.;265;;;27704;739732.38;1011568.69;2021-10-06T00:00:00
6120211;534731;Cítov;;;;;17841;Cítov;;;è.p.;266;;;27704;739380.22;1011819.35;2021-10-06T00:00:00
6120229;534731;Cítov;;;;;17841;Cítov;;;è.p.;267;;;27704;739439.58;1011815.37;2022-04-12T00:00:00
6120237;534731;Cítov;;;;;17841;Cítov;;;è.p.;268;;;27704;739488.20;1011790.12;2021-10-06T00:00:00
6120245;534731;Cítov;;;;;17841;Cítov;;;è.p.;269;;;27704;739359.54;1011877.84;2022-08-15T00:00:00
6120253;534731;Cítov;;;;;17841;Cítov;;;è.p.;270;;;27704;739753.07;1011627.20;2022-11-09T00:00:00
6120261;534731;Cítov;;;;;17841;Cítov;;;è.p.;271;;;27704;739336.37;1011886.94;2021-10-07T00:00:00
6120270;534731;Cítov;;;;;17841;Cítov;;;è.p.;272;;;27704;740394.64;1011324.34;2021-10-07T00:00:00
6120288;534731;Cítov;;;;;17841;Cítov;;;è.p.;273;;;27704;739707.94;1011614.56;2013-12-07T00:00:00
6120296;534731;Cítov;;;;;17841;Cítov;;;è.p.;274;;;27704;739376.68;1011857.16;2021-10-07T00:00:00
6120300;534731;Cítov;;;;;17841;Cítov;;;è.p.;275;;;27704;740408.86;1011277.55;2021-10-07T00:00:00
6120318;534731;Cítov;;;;;17841;Cítov;;;è.p.;276;;;27704;739355.56;1011841.76;2021-10-07T00:00:00
6120326;534731;Cítov;;;;;17841;Cítov;;;è.p.;277;;;27704;739396.92;1011841.56;2021-10-07T00:00:00
6120334;534731;Cítov;;;;;17841;Cítov;;;è.p.;278;;;27704;739788.44;1011615.38;2023-03-30T00:00:00
6120342;534731;Cítov;;;;;17841;Cítov;;;è.p.;279;;;27704;739480.86;1011507.40;2021-10-08T00:00:00
6120351;534731;Cítov;;;;;17841;Cítov;;;è.p.;280;;;27704;740523.80;1011147.39;2021-10-08T00:00:00
6120369;534731;Cítov;;;;;17841;Cítov;;;è.p.;281;;;27704;740419.99;1011245.58;2021-10-08T00:00:00
6120377;534731;Cítov;;;;;17841;Cítov;;;è.p.;282;;;27704;739483.43;1011534.57;2021-10-08T00:00:00
6120385;534731;Cítov;;;;;17841;Cítov;;;è.p.;283;;;27704;740017.90;1011285.05;2021-10-08T00:00:00
6120393;534731;Cítov;;;;;17841;Cítov;;;è.p.;284;;;27704;739970.32;1011299.23;2021-10-11T00:00:00
6120407;534731;Cítov;;;;;17841;Cítov;;;è.p.;285;;;27704;739991.48;1011294.25;2018-07-25T00:00:00
6120415;534731;Cítov;;;;;17841;Cítov;;;è.p.;286;;;27704;740437.91;1011294.67;2021-10-11T00:00:00
6120423;534731;Cítov;;;;;17841;Cítov;;;è.p.;287;;;27704;739915.49;1011311.27;2021-10-11T00:00:00
6120431;534731;Cítov;;;;;17841;Cítov;;;è.p.;288;;;27704;739951.01;1011306.73;2021-10-11T00:00:00
6120440;534731;Cítov;;;;;17841;Cítov;;;è.p.;289;;;27704;739935.05;1011311.68;2021-10-11T00:00:00
6120458;534731;Cítov;;;;;17841;Cítov;;;è.p.;290;;;27704;739961.21;1011245.09;2021-10-11T00:00:00
6120466;534731;Cítov;;;;;17841;Cítov;;;è.p.;291;;;27704;739641.54;1011606.35;2021-10-11T00:00:00
6120474;534731;Cítov;;;;;17841;Cítov;;;è.p.;292;;;27704;740437.41;1011259.27;2021-10-11T00:00:00
6120482;534731;Cítov;;;;;17841;Cítov;;;è.p.;293;;;27704;740227.02;1011411.23;2022-02-18T00:00:00
6120491;534731;Cítov;;;;;17841;Cítov;;;è.p.;294;;;27704;739325.39;1011857.01;2021-10-11T00:00:00
6120504;534731;Cítov;;;;;17841;Cítov;;;è.p.;295;;;27704;739881.63;1011249.57;2021-10-11T00:00:00
6120512;534731;Cítov;;;;;17841;Cítov;;;è.p.;296;;;27704;740468.61;1011210.70;2021-10-11T00:00:00
6120521;534731;Cítov;;;;;17841;Cítov;;;è.p.;297;;;27704;740441.45;1011213.77;2021-10-12T00:00:00
6120539;534731;Cítov;;;;;17841;Cítov;;;è.p.;298;;;27704;740760.96;1011104.29;2021-10-12T00:00:00
6120547;534731;Cítov;;;;;17841;Cítov;;;è.p.;299;;;27704;739725.14;1011543.65;2023-06-05T00:00:00
6120555;534731;Cítov;;;;;17841;Cítov;;;è.p.;300;;;27704;740820.19;1011124.83;2021-10-12T00:00:00
6120563;534731;Cítov;;;;;17841;Cítov;;;è.p.;301;;;27704;740820.81;1011163.06;2021-10-12T00:00:00
6120571;534731;Cítov;;;;;17841;Cítov;;;è.p.;302;;;27704;740785.04;1011164.84;2019-09-23T00:00:00
6120580;534731;Cítov;;;;;17841;Cítov;;;è.p.;303;;;27704;740800.34;1011163.01;2021-10-12T00:00:00
6120598;534731;Cítov;;;;;17841;Cítov;;;è.p.;304;;;27704;741117.97;1009349.14;2013-12-07T00:00:00
6120601;534731;Cítov;;;;;17841;Cítov;;;è.p.;305;;;27704;739417.52;1011833.86;2021-10-12T00:00:00
6120610;534731;Cítov;;;;;17841;Cítov;;;è.p.;306;;;27704;739706.59;1011567.36;2021-10-12T00:00:00
6120628;534731;Cítov;;;;;17841;Cítov;;;è.p.;307;;;27704;740203.94;1011501.08;2021-10-25T00:00:00
6120636;534731;Cítov;;;;;17841;Cítov;;;è.p.;308;;;27704;739555.18;1011699.82;2021-10-12T00:00:00
6120644;534731;Cítov;;;;;17841;Cítov;;;è.p.;309;;;27704;739903.08;1011321.40;2021-10-12T00:00:00
6120652;534731;Cítov;;;;;17841;Cítov;;;è.p.;310;;;27704;740192.25;1011674.50;2013-12-07T00:00:00
6120661;534731;Cítov;;;;;17841;Cítov;;;è.p.;311;;;27704;739430.46;1011502.12;2023-06-22T00:00:00
6120679;534731;Cítov;;;;;17841;Cítov;;;è.p.;312;;;27704;739769.60;1011574.65;2021-10-18T00:00:00
6120687;534731;Cítov;;;;;17841;Cítov;;;è.p.;313;;;27704;740453.50;1011188.28;2023-06-05T00:00:00
6120695;534731;Cítov;;;;;17841;Cítov;;;è.p.;314;;;27704;739469.98;1011508.03;2021-10-18T00:00:00
6120709;534731;Cítov;;;;;17841;Cítov;;;è.p.;315;;;27704;739530.86;1011708.63;2021-10-18T00:00:00
6120717;534731;Cítov;;;;;17841;Cítov;;;è.p.;316;;;27704;740050.43;1011162.98;2021-05-12T00:00:00
6120725;534731;Cítov;;;;;17841;Cítov;;;è.p.;317;;;27704;739915.09;1011248.84;2021-10-18T00:00:00
6120733;534731;Cítov;;;;;17841;Cítov;;;è.p.;318;;;27704;740375.92;1011299.99;2022-12-27T00:00:00
6120741;534731;Cítov;;;;;17841;Cítov;;;è.p.;319;;;27704;739293.19;1011475.04;2013-12-07T00:00:00
6120750;534731;Cítov;;;;;17841;Cítov;;;è.p.;320;;;27704;739014.87;1012089.60;2021-10-18T00:00:00
6120768;534731;Cítov;;;;;17841;Cítov;;;è.p.;321;;;27704;739839.61;1011246.55;2018-06-18T00:00:00
6120776;534731;Cítov;;;;;17841;Cítov;;;è.p.;322;;;27704;739838.50;1011338.81;2022-04-11T00:00:00
6120784;534731;Cítov;;;;;17841;Cítov;;;è.p.;323;;;27704;740001.89;1011243.53;2021-10-19T00:00:00
6120792;534731;Cítov;;;;;17841;Cítov;;;è.p.;324;;;27704;740048.41;1011260.80;2021-10-19T00:00:00
6120806;534731;Cítov;;;;;17841;Cítov;;;è.p.;325;;;27704;739654.98;1011603.50;2021-10-19T00:00:00
6120814;534731;Cítov;;;;;17841;Cítov;;;è.p.;326;;;27704;740880.45;1011092.20;2023-08-16T00:00:00
6120822;534731;Cítov;;;;;17841;Cítov;;;è.p.;327;;;27704;739858.82;1011257.13;2021-10-19T00:00:00
6120831;534731;Cítov;;;;;17841;Cítov;;;è.p.;328;;;27704;739861.13;1011323.75;2013-12-07T00:00:00
6120849;534731;Cítov;;;;;17841;Cítov;;;è.p.;329;;;27704;739780.94;1011269.25;2013-12-07T00:00:00
6120857;534731;Cítov;;;;;17841;Cítov;;;è.p.;330;;;27704;739589.18;1011691.19;2021-10-19T00:00:00
6120865;534731;Cítov;;;;;17841;Cítov;;;è.p.;331;;;27704;739571.95;1011657.72;2016-05-18T00:00:00
6120873;534731;Cítov;;;;;17841;Cítov;;;è.p.;332;;;27704;739563.99;1011639.25;2021-10-19T00:00:00
6120881;534731;Cítov;;;;;17841;Cítov;;;è.p.;333;;;27704;739556.16;1011619.26;2021-10-19T00:00:00
6120890;534731;Cítov;;;;;17841;Cítov;;;è.p.;334;;;27704;739548.70;1011595.75;2021-10-19T00:00:00
6120903;534731;Cítov;;;;;17841;Cítov;;;è.p.;335;;;27704;739542.88;1011577.35;2021-10-19T00:00:00
6120911;534731;Cítov;;;;;17841;Cítov;;;è.p.;336;;;27704;739537.13;1011556.74;2021-10-19T00:00:00
6120920;534731;Cítov;;;;;17841;Cítov;;;è.p.;338;;;27704;739507.07;1011557.68;2021-10-19T00:00:00
6120938;534731;Cítov;;;;;17841;Cítov;;;è.p.;339;;;27704;739517.56;1011568.58;2021-10-19T00:00:00
6120946;534731;Cítov;;;;;17841;Cítov;;;è.p.;340;;;27704;739514.76;1011594.72;2021-10-19T00:00:00
6120954;534731;Cítov;;;;;17841;Cítov;;;è.p.;341;;;27704;740057.21;1011303.66;2021-10-20T00:00:00
6120962;534731;Cítov;;;;;17841;Cítov;;;è.p.;342;;;27704;740033.72;1011310.97;2021-10-20T00:00:00
6120971;534731;Cítov;;;;;17841;Cítov;;;è.p.;343;;;27704;740008.37;1011317.14;2021-10-20T00:00:00
6120989;534731;Cítov;;;;;17841;Cítov;;;è.p.;344;;;27704;739400.32;1011532.21;2022-05-24T00:00:00
6120997;534731;Cítov;;;;;17841;Cítov;;;è.p.;345;;;27704;739483.72;1011597.41;2021-10-20T00:00:00
6121004;534731;Cítov;;;;;17841;Cítov;;;è.p.;346;;;27704;739468.74;1011563.01;2021-10-20T00:00:00
6121012;534731;Cítov;;;;;17841;Cítov;;;è.p.;347;;;27704;739419.22;1011576.21;2016-02-10T00:00:00
6121021;534731;Cítov;;;;;17841;Cítov;;;è.p.;348;;;27704;739421.66;1011592.19;2021-10-20T00:00:00
6121039;534731;Cítov;;;;;17841;Cítov;;;è.p.;349;;;27704;739438.25;1011609.12;2021-10-20T00:00:00
6121047;534731;Cítov;;;;;17841;Cítov;;;è.p.;350;;;27704;739436.99;1011638.81;2021-10-20T00:00:00
6121055;534731;Cítov;;;;;17841;Cítov;;;è.p.;351;;;27704;739443.26;1011656.26;2021-10-22T00:00:00
6121063;534731;Cítov;;;;;17841;Cítov;;;è.p.;352;;;27704;739447.45;1011674.84;2021-10-22T00:00:00
6121071;534731;Cítov;;;;;17841;Cítov;;;è.p.;353;;;27704;739493.55;1011644.68;2021-10-25T00:00:00
6121080;534731;Cítov;;;;;17841;Cítov;;;è.p.;354;;;27704;739505.67;1011648.21;2021-10-25T00:00:00
6121098;534731;Cítov;;;;;17841;Cítov;;;è.p.;355;;;27704;739433.79;1011704.29;2021-10-25T00:00:00
6121101;534731;Cítov;;;;;17841;Cítov;;;è.p.;356;;;27704;739426.44;1011685.85;2021-10-25T00:00:00
6121110;534731;Cítov;;;;;17841;Cítov;;;è.p.;357;;;27704;739415.03;1011660.61;2021-10-25T00:00:00
6121128;534731;Cítov;;;;;17841;Cítov;;;è.p.;358;;;27704;739409.29;1011631.59;2021-10-25T00:00:00
6121136;534731;Cítov;;;;;17841;Cítov;;;è.p.;359;;;27704;739405.31;1011609.78;2021-10-25T00:00:00
6121144;534731;Cítov;;;;;17841;Cítov;;;è.p.;360;;;27704;739396.76;1011584.39;2021-10-25T00:00:00
6121152;534731;Cítov;;;;;17841;Cítov;;;è.p.;361;;;27704;739388.58;1011561.11;2021-10-25T00:00:00
6121161;534731;Cítov;;;;;17841;Cítov;;;è.p.;362;;;27704;739381.29;1011537.17;2021-10-26T00:00:00
6121179;534731;Cítov;;;;;17841;Cítov;;;è.p.;363;;;27704;739372.50;1011518.22;2021-10-26T00:00:00
6121187;534731;Cítov;;;;;17841;Cítov;;;è.p.;364;;;27704;739399.37;1011494.54;2023-06-22T00:00:00
6121195;534731;Cítov;;;;;17841;Cítov;;;è.p.;365;;;27704;739365.50;1011485.75;2021-10-26T00:00:00
6121209;534731;Cítov;;;;;17841;Cítov;;;è.p.;366;;;27704;739357.52;1011482.56;2021-10-26T00:00:00
6121217;534731;Cítov;;;;;17841;Cítov;;;è.p.;367;;;27704;739325.43;1011475.79;2021-10-26T00:00:00
6121225;534731;Cítov;;;;;17841;Cítov;;;è.p.;368;;;27704;739304.12;1011472.09;2021-10-26T00:00:00
6121233;534731;Cítov;;;;;17841;Cítov;;;è.p.;370;;;27704;740020.94;1011337.75;2013-12-07T00:00:00
6121241;534731;Cítov;;;;;17841;Cítov;;;è.p.;371;;;27704;739434.64;1011721.71;2021-10-26T00:00:00
6121250;534731;Cítov;;;;;17841;Cítov;;;è.p.;372;;;27704;739708.86;1011481.30;2021-10-26T00:00:00
6121268;534731;Cítov;;;;;17841;Cítov;;;è.p.;373;;;27704;739734.17;1011474.43;2021-10-26T00:00:00
6121276;534731;Cítov;;;;;17841;Cítov;;;è.p.;374;;;27704;739756.15;1011470.69;2021-10-27T00:00:00
6121284;534731;Cítov;;;;;17841;Cítov;;;è.p.;375;;;27704;739771.97;1011468.78;2021-10-27T00:00:00
6121292;534731;Cítov;;;;;17841;Cítov;;;è.p.;376;;;27704;739787.94;1011464.72;2021-10-27T00:00:00
6121306;534731;Cítov;;;;;17841;Cítov;;;è.p.;377;;;27704;740029.56;1011372.94;2013-12-07T00:00:00
6121314;534731;Cítov;;;;;17841;Cítov;;;è.p.;378;;;27704;739986.76;1011414.37;2021-10-27T00:00:00
6121322;534731;Cítov;;;;;17841;Cítov;;;è.p.;379;;;27704;739224.78;1011954.01;2021-10-27T00:00:00
6121331;534731;Cítov;;;;;17841;Cítov;;;è.p.;381;;;27704;739949.00;1011433.00;2013-12-07T00:00:00
6121349;534731;Cítov;;;;;17841;Cítov;;;è.p.;382;;;27704;739927.32;1011432.07;2021-10-27T00:00:00
6121357;534731;Cítov;;;;;17841;Cítov;;;è.p.;386;;;27704;739832.63;1011460.81;2013-12-07T00:00:00
24331295;534731;Cítov;;;;;17841;Cítov;;;è.p.;15;;;27704;739975.33;1011498.42;2021-09-02T00:00:00
25075977;534731;Cítov;;;;;17841;Cítov;;;è.p.;383;;;27704;739906.09;1011443.20;2021-10-21T00:00:00
25756630;534731;Cítov;;;;;17841;Cítov;;;è.p.;410;;;27704;739963.54;1011395.16;2013-12-07T00:00:00
25900358;534731;Cítov;;;;;17841;Cítov;;;è.p.;406;;;27704;739929.00;1011342.00;2013-12-07T00:00:00
25938312;534731;Cítov;;;;;17841;Cítov;;;è.p.;209;;;27704;740330.24;1011599.29;2021-10-04T00:00:00
26122693;534731;Cítov;;;;;17841;Cítov;;;è.p.;385;;;27704;739849.51;1011457.77;2013-12-07T00:00:00
26188287;534731;Cítov;;;;;17841;Cítov;;;è.p.;401;;;27704;739766.00;1011380.00;2013-12-07T00:00:00
26205963;534731;Cítov;;;;;17841;Cítov;;;è.p.;392;;;27704;739868.00;1011413.00;2013-12-07T00:00:00
26236150;534731;Cítov;;;;;17841;Cítov;;;è.p.;409;;;27704;739999.00;1011387.00;2013-12-07T00:00:00
26318776;534731;Cítov;;;;;17841;Cítov;;;è.p.;384;;;27704;739872.25;1011444.52;2021-10-27T00:00:00
26318784;534731;Cítov;;;;;17841;Cítov;;;è.p.;404;;;27704;739866.00;1011368.00;2013-12-07T00:00:00
26318792;534731;Cítov;;;;;17841;Cítov;;;è.p.;413;;;27704;739910.00;1011394.00;2013-12-07T00:00:00
26318806;534731;Cítov;;;;;17841;Cítov;;;è.p.;414;;;27704;739829.00;1011231.00;2013-12-07T00:00:00
26519593;534731;Cítov;;;;;17841;Cítov;;;è.p.;395;;;27704;739780.00;1011436.00;2013-12-07T00:00:00
26592151;534731;Cítov;;;;;17841;Cítov;;;è.p.;412;;;27704;739910.20;1011401.27;2013-12-07T00:00:00
26604591;534731;Cítov;;;;;17841;Cítov;;;è.p.;394;;;27704;739799.00;1011433.00;2013-12-07T00:00:00
26614375;534731;Cítov;;;;;17841;Cítov;;;è.p.;438;;;27704;739233.00;1011410.00;2013-12-07T00:00:00
26729997;534731;Cítov;;;;;17841;Cítov;;;è.p.;139;;;27704;740588.00;1011244.00;2013-12-07T00:00:00
26730006;534731;Cítov;;;;;17841;Cítov;;;è.p.;430;;;27704;739361.00;1011377.00;2013-12-07T00:00:00
26788411;534731;Cítov;;;;;17841;Cítov;;;è.p.;416;;;27704;739870.50;1011201.11;2013-12-07T00:00:00
26788420;534731;Cítov;;;;;17841;Cítov;;;è.p.;431;;;27704;739340.44;1011383.54;2013-12-07T00:00:00
26788438;534731;Cítov;;;;;17841;Cítov;;;è.p.;433;;;27704;739234.55;1011389.58;2013-12-07T00:00:00
27111679;534731;Cítov;;;;;17841;Cítov;;;è.p.;387;;;27704;739811.44;1011466.40;2013-12-07T00:00:00
27111687;534731;Cítov;;;;;17841;Cítov;;;è.p.;445;;;27704;739527.77;1011404.57;2013-12-07T00:00:00
27118215;534731;Cítov;;;;;17841;Cítov;;;è.p.;441;;;27704;739368.46;1011409.79;2013-12-07T00:00:00
27118223;534731;Cítov;;;;;17841;Cítov;;;è.p.;380;;;27704;739964.27;1011424.46;2022-08-03T00:00:00
27118231;534731;Cítov;;;;;17841;Cítov;;;è.p.;415;;;27704;739850.75;1011193.40;2013-12-07T00:00:00
27118240;534731;Cítov;;;;;17841;Cítov;;;è.p.;460;;;27704;739278.96;1011506.38;2013-12-07T00:00:00
27118258;534731;Cítov;;;;;16471;Daminìves;;;è.p.;37;;;27704;741370.04;1012401.20;2013-12-07T00:00:00
27228347;534731;Cítov;;;;;17841;Cítov;;;è.p.;442;;;27704;739407.08;1011408.44;2013-12-07T00:00:00
27230325;534731;Cítov;;;;;17841;Cítov;;;è.p.;424;;;27704;739635.67;1011367.36;2013-12-07T00:00:00
27335631;534731;Cítov;;;;;17841;Cítov;;;è.p.;464;;;27704;739209.22;1011566.49;2013-12-07T00:00:00
27375072;534731;Cítov;;;;;17841;Cítov;;;è.p.;449;;;27704;739512.41;1011434.15;2013-12-07T00:00:00
27383831;534731;Cítov;;;;;17841;Cítov;;;è.p.;427;;;27704;739482.92;1011371.92;2023-12-05T00:00:00
27494632;534731;Cítov;;;;;17841;Cítov;;;è.p.;466;;;27704;739281.51;1011546.17;2013-12-07T00:00:00
27563952;534731;Cítov;;;;;17841;Cítov;;;è.p.;446;;;27704;739570.60;1011401.84;2013-12-07T00:00:00
27563995;534731;Cítov;;;;;17841;Cítov;;;è.p.;425;;;27704;739568.85;1011373.89;2013-12-07T00:00:00
27634311;534731;Cítov;;;;;17841;Cítov;;;è.p.;439;;;27704;739286.62;1011411.27;2013-12-07T00:00:00
27714071;534731;Cítov;;;;;17841;Cítov;;;è.p.;429;;;27704;739407.00;1011379.20;2013-12-07T00:00:00
27737446;534731;Cítov;;;;;17841;Cítov;;;è.p.;435;;;27704;739154.11;1011395.10;2013-12-07T00:00:00
27801101;534731;Cítov;;;;;17841;Cítov;;;è.p.;459;;;27704;739308.74;1011506.64;2013-12-07T00:00:00
27850111;534731;Cítov;;;;;17841;Cítov;;;è.p.;437;;;27704;739191.61;1011418.05;2013-12-07T00:00:00
27861759;534731;Cítov;;;;;17841;Cítov;;;è.p.;463;;;27704;739213.71;1011536.56;2013-12-07T00:00:00
28039602;534731;Cítov;;;;;17841;Cítov;;;è.p.;64;;;27704;740283.00;1011775.00;2013-12-07T00:00:00
28045564;534731;Cítov;;;;;17841;Cítov;;;è.p.;66;;;27704;740290.49;1011804.45;2013-12-07T00:00:00
28046374;534731;Cítov;;;;;17841;Cítov;;;è.p.;467;;;27704;739308.90;1011556.59;2013-12-07T00:00:00
28053770;534731;Cítov;;;;;17841;Cítov;;;è.p.;440;;;27704;739329.00;1011409.00;2013-12-07T00:00:00
28163079;534731;Cítov;;;;;17841;Cítov;;;è.p.;388;;;27704;739307.00;1011850.00;2013-12-07T00:00:00
28358716;534731;Cítov;;;;;17841;Cítov;;;è.p.;390;;;27704;740928.16;1011168.66;2014-09-18T00:00:00
28358724;534731;Cítov;;;;;17841;Cítov;;;è.p.;402;;;27704;739790.25;1011373.74;2014-01-22T00:00:00
28379799;534731;Cítov;;;;;17841;Cítov;;;è.p.;428;;;27704;739453.84;1011374.83;2014-05-30T00:00:00
40519261;534731;Cítov;;;;;17841;Cítov;;;è.p.;369;;;27704;740091.71;1011528.65;2023-11-07T00:00:00
40850421;534731;Cítov;;;;;17841;Cítov;;;è.p.;389;;;27704;740502.69;1011115.79;2013-12-07T00:00:00
41041399;534731;Cítov;;;;;17841;Cítov;;;è.p.;426;;;27704;739526.62;1011366.98;2022-11-03T00:00:00
41632567;534731;Cítov;;;;;17841;Cítov;;;è.p.;337;;;27704;739453.57;1011701.54;2024-03-08T00:00:00
41743521;534731;Cítov;;;;;17841;Cítov;;;è.p.;468;;;27704;739408.49;1011432.97;2022-11-03T00:00:00
42191327;534731;Cítov;;;;;17841;Cítov;;;è.p.;397;;;27704;739714.16;1011454.95;2013-12-07T00:00:00
42368499;534731;Cítov;;;;;17841;Cítov;;;è.p.;448;;;27704;739551.39;1011430.51;2013-12-07T00:00:00
42675677;534731;Cítov;;;;;17841;Cítov;;;è.p.;417;;;27704;739978.63;1011245.67;2013-12-07T00:00:00
42779456;534731;Cítov;;;;;17841;Cítov;;;è.p.;418;;;27704;740426.44;1011122.94;2013-12-07T00:00:00
42794927;534731;Cítov;;;;;17841;Cítov;;;è.p.;33;;;27704;740044.73;1011612.70;2013-12-07T00:00:00
71700081;534731;Cítov;;;;;17841;Cítov;;;è.p.;398;;;27704;739700.66;1011425.13;2014-02-04T00:00:00
73251607;534731;Cítov;;;;;17841;Cítov;;;è.p.;420;;;27704;739933.89;1011248.74;2014-12-05T00:00:00
73503169;534731;Cítov;;;;;17841;Cítov;;;è.p.;419;;;27704;739738.05;1011515.31;2015-03-12T00:00:00
73628611;534731;Cítov;;;;;17841;Cítov;;;è.p.;443;;;27704;739452.58;1011406.52;2015-04-27T00:00:00
73720607;534731;Cítov;;;;;17841;Cítov;;;è.p.;400;;;27704;739737.34;1011387.49;2015-05-26T00:00:00
73792080;534731;Cítov;;;;;17841;Cítov;;;è.p.;411;;;27704;739933.32;1011402.27;2015-06-17T00:00:00
74033654;534731;Cítov;;;;;17841;Cítov;;;è.p.;399;;;27704;739699.45;1011403.72;2015-09-08T00:00:00
74188143;534731;Cítov;;;;;17841;Cítov;;;è.p.;421;;;27704;740301.37;1011647.77;2015-10-27T00:00:00
75655934;534731;Cítov;;;;;16471;Daminìves;;;è.p.;38;;;27704;741354.49;1012635.94;2017-01-05T00:00:00
75973995;534731;Cítov;;;;;17841;Cítov;;;è.p.;450;;;27704;739237.07;1011445.34;2017-03-24T00:00:00
76230325;534731;Cítov;;;;;17841;Cítov;;;è.p.;67;;;27704;739856.40;1011593.64;2022-11-04T00:00:00
77609557;534731;Cítov;;;;;17841;Cítov;;;è.p.;403;;;27704;739819.82;1011374.20;2017-08-30T00:00:00
77701895;534731;Cítov;;;;;17841;Cítov;;;è.p.;458;;;27704;739339.84;1011512.30;2017-10-09T00:00:00
77817567;534731;Cítov;;;;;17841;Cítov;;;è.p.;434;;;27704;739201.89;1011388.25;2017-11-23T00:00:00
78109272;534731;Cítov;;;;;17841;Cítov;;;è.p.;407;;;27704;739951.28;1011328.41;2018-03-12T00:00:00
78605598;534731;Cítov;;;;;17841;Cítov;;;è.p.;432;;;27704;739276.77;1011383.37;2018-08-15T00:00:00
78723965;534731;Cítov;;;;;17841;Cítov;;;è.p.;461;;;27704;739249.25;1011495.26;2018-09-27T00:00:00
79630367;534731;Cítov;;;;;17841;Cítov;;;è.p.;456;;;27704;740499.77;1011095.24;2019-07-31T00:00:00
80014551;534731;Cítov;;;;;17841;Cítov;;;è.p.;469;;;27704;739028.32;1012139.17;2019-11-04T00:00:00
80084729;534731;Cítov;;;;;17841;Cítov;;;è.p.;470;;;27704;739039.70;1012161.39;2019-11-21T00:00:00
80187331;534731;Cítov;;;;;17841;Cítov;;;è.p.;447;;;27704;739603.45;1011393.06;2019-12-23T00:00:00
80456634;534731;Cítov;;;;;17841;Cítov;;;è.p.;454;;;27704;739610.80;1011427.68;2020-03-04T00:00:00
80590233;534731;Cítov;;;;;17841;Cítov;;;è.p.;465;;;27704;739255.91;1011537.69;2020-05-05T00:00:00
80710514;534731;Cítov;;;;;17841;Cítov;;;è.p.;436;;;27704;739159.04;1011419.76;2020-05-27T00:00:00
80794696;534731;Cítov;;;;;17841;Cítov;;;è.p.;452;;;27704;739604.61;1011462.06;2022-05-18T00:00:00
80825109;534731;Cítov;;;;;17841;Cítov;;;è.p.;391;;;27704;739863.37;1011381.17;2020-06-15T00:00:00
81588020;534731;Cítov;;;;;17841;Cítov;;;è.p.;462;;;27704;739224.64;1011498.31;2021-03-18T00:00:00
81775202;534731;Cítov;;;;;17841;Cítov;;;è.p.;455;;;27704;739687.60;1011485.29;2021-04-29T00:00:00
81972415;534731;Cítov;;;;;17841;Cítov;;;è.p.;405;;;27704;739898.55;1011344.08;2021-07-19T00:00:00
82654905;534731;Cítov;;;;;17841;Cítov;;;è.p.;471;;;27704;739444.82;1011745.78;2022-02-18T00:00:00
85149446;534731;Cítov;;;;;17841;Cítov;;;è.p.;56;;;27704;740231.44;1011714.03;2023-05-02T00:00:00
85363715;534731;Cítov;;;;;17841;Cítov;;;è.p.;423;;;27704;740090.05;1011216.05;2023-07-20T00:00:00
85373354;534731;Cítov;;;;;17841;Cítov;;;è.p.;473;;;27704;740529.17;1011293.52;2023-07-24T00:00:00
85694169;534731;Cítov;;;;;17841;Cítov;;;è.p.;474;;;27704;740602.92;1011096.87;2023-10-24T00:00:00
85958671;534731;Cítov;;;;;17841;Cítov;;;è.p.;475;;;27704;739934.95;1011196.35;2024-01-29T00:00:00
86092898;534731;Cítov;;;;;16471;Daminìves;;;è.p.;39;;;27704;741367.01;1012506.50;2024-03-25T00:00:00
86477773;534731;Cítov;;;;;17841;Cítov;;;è.p.;476;;;27704;740881.34;1011128.32;2024-08-22T00:00:00
86704451;534731;Cítov;;;;;17841;Cítov;;;è.p.;477;;;27704;739790.92;1011506.16;2024-12-18T00:00:00
86744577;534731;Cítov;;;;;17841;Cítov;;;è.p.;478;;;27704;739083.42;1011966.81;2025-01-13T00:00:00
86863673;534731;Cítov;;;;;17841;Cítov;;;è.p.;422;;;27704;740257.29;1011178.91;2025-03-12T00:00:00
87721023;534731;Cítov;;;;;17841;Cítov;;;è.p.;472;;;27704;739647.48;1011424.94;2026-02-27T00:00:00
